/*--------------------------------*- C++ -*----------------------------------*\
| =========                 |                                                 |
| \\      /  F ield         | OpenFOAM: The Open Source CFD Toolbox           |
|  \\    /   O peration     | Version:  2.0.1                                 |
|   \\  /    A nd           | Web:      www.OpenFOAM.com                      |
|    \\/     M anipulation  |                                                 |
\*---------------------------------------------------------------------------*/
FoamFile
{
    version     2.0;
    format      ascii;
    class       labelList;
    note        "nPoints: 7984 nCells: 3486 nFaces: 14449 nInternalFaces: 6467";
    location    "constant/polyMesh";
    object      neighbour;
}
// * * * * * * * * * * * * * * * * * * * * * * * * * * * * * * * * * * * * * //


6467
(
1
7
2
8
3
9
4
10
5
11
6
12
13
300
8
14
9
15
10
16
11
17
12
18
13
19
20
307
15
21
16
22
17
23
18
24
19
25
20
26
27
314
22
28
23
29
24
30
25
31
26
32
27
33
34
321
29
35
30
36
31
37
32
38
33
39
34
40
41
328
36
42
37
43
38
44
39
45
40
46
41
47
48
335
43
49
44
50
45
51
46
52
47
53
48
54
55
342
50
56
51
57
52
58
53
59
54
60
55
61
62
57
63
58
64
59
65
60
66
61
67
62
68
69
64
70
65
71
66
72
67
73
68
74
69
75
76
71
77
72
78
73
79
74
80
75
81
76
82
83
78
84
79
85
80
86
81
87
82
88
83
89
90
85
91
86
92
87
93
88
94
89
95
90
96
97
92
189
93
190
94
191
95
192
96
193
97
194
195
99
105
100
106
101
107
102
108
103
109
104
110
111
3485
106
112
107
113
108
114
109
115
110
116
111
117
118
3435
113
119
114
120
115
121
116
122
117
123
118
124
125
3385
120
126
121
127
122
128
123
129
124
130
125
131
132
3335
127
133
128
134
129
135
130
136
131
137
132
138
139
3285
134
140
135
141
136
142
137
143
138
144
139
145
146
3235
141
147
142
148
143
149
144
150
145
151
146
152
153
3185
148
154
149
155
150
156
151
157
152
158
153
159
160
155
161
156
162
157
163
158
164
159
165
160
166
167
162
168
163
169
164
170
165
171
166
172
167
173
174
169
175
170
176
171
177
172
178
173
179
174
180
181
176
182
177
183
178
184
179
185
180
186
181
187
188
183
189
184
190
185
191
186
192
187
193
188
194
195
190
191
192
193
194
195
197
203
198
204
199
205
200
206
201
207
202
208
209
496
204
210
205
211
206
212
207
213
208
214
209
215
216
503
211
217
212
218
213
219
214
220
215
221
216
222
223
510
218
224
219
225
220
226
221
227
222
228
223
229
230
517
225
231
226
232
227
233
228
234
229
235
230
236
237
524
232
238
233
239
234
240
235
241
236
242
237
243
244
531
239
245
240
246
241
247
242
248
243
249
244
250
251
538
246
252
247
253
248
254
249
255
250
256
251
257
258
253
259
254
260
255
261
256
262
257
263
258
264
265
260
266
261
267
262
268
263
269
264
270
265
271
272
267
273
268
274
269
275
270
276
271
277
272
278
279
274
280
275
281
276
282
277
283
278
284
279
285
286
281
287
282
288
283
289
284
290
285
291
286
292
293
288
385
289
386
290
387
291
388
292
389
293
390
391
295
301
296
302
297
303
298
304
299
305
300
306
307
302
308
303
309
304
310
305
311
306
312
307
313
314
309
315
310
316
311
317
312
318
313
319
314
320
321
316
322
317
323
318
324
319
325
320
326
321
327
328
323
329
324
330
325
331
326
332
327
333
328
334
335
330
336
331
337
332
338
333
339
334
340
335
341
342
337
343
338
344
339
345
340
346
341
347
342
348
349
344
350
345
351
346
352
347
353
348
354
349
355
356
351
357
352
358
353
359
354
360
355
361
356
362
363
358
364
359
365
360
366
361
367
362
368
363
369
370
365
371
366
372
367
373
368
374
369
375
370
376
377
372
378
373
379
374
380
375
381
376
382
377
383
384
379
385
380
386
381
387
382
388
383
389
384
390
391
386
387
388
389
390
391
393
399
394
400
395
401
396
402
397
403
398
404
405
692
400
406
401
407
402
408
403
409
404
410
405
411
412
699
407
413
408
414
409
415
410
416
411
417
412
418
419
706
414
420
415
421
416
422
417
423
418
424
419
425
426
713
421
427
422
428
423
429
424
430
425
431
426
432
433
720
428
434
429
435
430
436
431
437
432
438
433
439
440
727
435
441
436
442
437
443
438
444
439
445
440
446
447
734
442
448
443
449
444
450
445
451
446
452
447
453
454
449
455
450
456
451
457
452
458
453
459
454
460
461
456
462
457
463
458
464
459
465
460
466
461
467
468
463
469
464
470
465
471
466
472
467
473
468
474
475
470
476
471
477
472
478
473
479
474
480
475
481
482
477
483
478
484
479
485
480
486
481
487
482
488
489
484
581
485
582
486
583
487
584
488
585
489
586
587
491
497
492
498
493
499
494
500
495
501
496
502
503
498
504
499
505
500
506
501
507
502
508
503
509
510
505
511
506
512
507
513
508
514
509
515
510
516
517
512
518
513
519
514
520
515
521
516
522
517
523
524
519
525
520
526
521
527
522
528
523
529
524
530
531
526
532
527
533
528
534
529
535
530
536
531
537
538
533
539
534
540
535
541
536
542
537
543
538
544
545
540
546
541
547
542
548
543
549
544
550
545
551
552
547
553
548
554
549
555
550
556
551
557
552
558
559
554
560
555
561
556
562
557
563
558
564
559
565
566
561
567
562
568
563
569
564
570
565
571
566
572
573
568
574
569
575
570
576
571
577
572
578
573
579
580
575
581
576
582
577
583
578
584
579
585
580
586
587
582
583
584
585
586
587
589
595
590
596
591
597
592
598
593
599
594
600
601
888
596
602
597
603
598
604
599
605
600
606
601
607
608
895
603
609
604
610
605
611
606
612
607
613
608
614
615
902
610
616
611
617
612
618
613
619
614
620
615
621
622
909
617
623
618
624
619
625
620
626
621
627
622
628
629
916
624
630
625
631
626
632
627
633
628
634
629
635
636
923
631
637
632
638
633
639
634
640
635
641
636
642
643
930
638
644
639
645
640
646
641
647
642
648
643
649
650
645
651
646
652
647
653
648
654
649
655
650
656
657
652
658
653
659
654
660
655
661
656
662
657
663
664
659
665
660
666
661
667
662
668
663
669
664
670
671
666
672
667
673
668
674
669
675
670
676
671
677
678
673
679
674
680
675
681
676
682
677
683
678
684
685
680
777
681
778
682
779
683
780
684
781
685
782
783
687
693
688
694
689
695
690
696
691
697
692
698
699
694
700
695
701
696
702
697
703
698
704
699
705
706
701
707
702
708
703
709
704
710
705
711
706
712
713
708
714
709
715
710
716
711
717
712
718
713
719
720
715
721
716
722
717
723
718
724
719
725
720
726
727
722
728
723
729
724
730
725
731
726
732
727
733
734
729
735
730
736
731
737
732
738
733
739
734
740
741
736
742
737
743
738
744
739
745
740
746
741
747
748
743
749
744
750
745
751
746
752
747
753
748
754
755
750
756
751
757
752
758
753
759
754
760
755
761
762
757
763
758
764
759
765
760
766
761
767
762
768
769
764
770
765
771
766
772
767
773
768
774
769
775
776
771
777
772
778
773
779
774
780
775
781
776
782
783
778
779
780
781
782
783
785
791
786
792
787
793
788
794
789
795
790
796
797
1084
792
798
793
799
794
800
795
801
796
802
797
803
804
1091
799
805
800
806
801
807
802
808
803
809
804
810
811
1098
806
812
807
813
808
814
809
815
810
816
811
817
818
1105
813
819
814
820
815
821
816
822
817
823
818
824
825
1112
820
826
821
827
822
828
823
829
824
830
825
831
832
1119
827
833
828
834
829
835
830
836
831
837
832
838
839
1126
834
840
835
841
836
842
837
843
838
844
839
845
846
841
847
842
848
843
849
844
850
845
851
846
852
853
848
854
849
855
850
856
851
857
852
858
853
859
860
855
861
856
862
857
863
858
864
859
865
860
866
867
862
868
863
869
864
870
865
871
866
872
867
873
874
869
875
870
876
871
877
872
878
873
879
874
880
881
876
973
877
974
878
975
879
976
880
977
881
978
979
883
889
884
890
885
891
886
892
887
893
888
894
895
890
896
891
897
892
898
893
899
894
900
895
901
902
897
903
898
904
899
905
900
906
901
907
902
908
909
904
910
905
911
906
912
907
913
908
914
909
915
916
911
917
912
918
913
919
914
920
915
921
916
922
923
918
924
919
925
920
926
921
927
922
928
923
929
930
925
931
926
932
927
933
928
934
929
935
930
936
937
932
938
933
939
934
940
935
941
936
942
937
943
944
939
945
940
946
941
947
942
948
943
949
944
950
951
946
952
947
953
948
954
949
955
950
956
951
957
958
953
959
954
960
955
961
956
962
957
963
958
964
965
960
966
961
967
962
968
963
969
964
970
965
971
972
967
973
968
974
969
975
970
976
971
977
972
978
979
974
975
976
977
978
979
981
987
982
988
983
989
984
990
985
991
986
992
993
1280
988
994
989
995
990
996
991
997
992
998
993
999
1000
1287
995
1001
996
1002
997
1003
998
1004
999
1005
1000
1006
1007
1294
1002
1008
1003
1009
1004
1010
1005
1011
1006
1012
1007
1013
1014
1301
1009
1015
1010
1016
1011
1017
1012
1018
1013
1019
1014
1020
1021
1308
1016
1022
1017
1023
1018
1024
1019
1025
1020
1026
1021
1027
1028
1315
1023
1029
1024
1030
1025
1031
1026
1032
1027
1033
1028
1034
1035
1322
1030
1036
1031
1037
1032
1038
1033
1039
1034
1040
1035
1041
1042
1037
1043
1038
1044
1039
1045
1040
1046
1041
1047
1042
1048
1049
1044
1050
1045
1051
1046
1052
1047
1053
1048
1054
1049
1055
1056
1051
1057
1052
1058
1053
1059
1054
1060
1055
1061
1056
1062
1063
1058
1064
1059
1065
1060
1066
1061
1067
1062
1068
1063
1069
1070
1065
1071
1066
1072
1067
1073
1068
1074
1069
1075
1070
1076
1077
1072
1169
1073
1170
1074
1171
1075
1172
1076
1173
1077
1174
1175
1079
1085
1080
1086
1081
1087
1082
1088
1083
1089
1084
1090
1091
1086
1092
1087
1093
1088
1094
1089
1095
1090
1096
1091
1097
1098
1093
1099
1094
1100
1095
1101
1096
1102
1097
1103
1098
1104
1105
1100
1106
1101
1107
1102
1108
1103
1109
1104
1110
1105
1111
1112
1107
1113
1108
1114
1109
1115
1110
1116
1111
1117
1112
1118
1119
1114
1120
1115
1121
1116
1122
1117
1123
1118
1124
1119
1125
1126
1121
1127
1122
1128
1123
1129
1124
1130
1125
1131
1126
1132
1133
1128
1134
1129
1135
1130
1136
1131
1137
1132
1138
1133
1139
1140
1135
1141
1136
1142
1137
1143
1138
1144
1139
1145
1140
1146
1147
1142
1148
1143
1149
1144
1150
1145
1151
1146
1152
1147
1153
1154
1149
1155
1150
1156
1151
1157
1152
1158
1153
1159
1154
1160
1161
1156
1162
1157
1163
1158
1164
1159
1165
1160
1166
1161
1167
1168
1163
1169
1164
1170
1165
1171
1166
1172
1167
1173
1168
1174
1175
1170
1171
1172
1173
1174
1175
1177
1183
1178
1184
1179
1185
1180
1186
1181
1187
1182
1188
1189
1476
1184
1190
1185
1191
1186
1192
1187
1193
1188
1194
1189
1195
1196
1483
1191
1197
1192
1198
1193
1199
1194
1200
1195
1201
1196
1202
1203
1490
1198
1204
1199
1205
1200
1206
1201
1207
1202
1208
1203
1209
1210
1497
1205
1211
1206
1212
1207
1213
1208
1214
1209
1215
1210
1216
1217
1504
1212
1218
1213
1219
1214
1220
1215
1221
1216
1222
1217
1223
1224
1511
1219
1225
1220
1226
1221
1227
1222
1228
1223
1229
1224
1230
1231
1518
1226
1232
1227
1233
1228
1234
1229
1235
1230
1236
1231
1237
1238
1233
1239
1234
1240
1235
1241
1236
1242
1237
1243
1238
1244
1245
1240
1246
1241
1247
1242
1248
1243
1249
1244
1250
1245
1251
1252
1247
1253
1248
1254
1249
1255
1250
1256
1251
1257
1252
1258
1259
1254
1260
1255
1261
1256
1262
1257
1263
1258
1264
1259
1265
1266
1261
1267
1262
1268
1263
1269
1264
1270
1265
1271
1266
1272
1273
1268
1365
1269
1366
1270
1367
1271
1368
1272
1369
1273
1370
1371
1275
1281
1276
1282
1277
1283
1278
1284
1279
1285
1280
1286
1287
1282
1288
1283
1289
1284
1290
1285
1291
1286
1292
1287
1293
1294
1289
1295
1290
1296
1291
1297
1292
1298
1293
1299
1294
1300
1301
1296
1302
1297
1303
1298
1304
1299
1305
1300
1306
1301
1307
1308
1303
1309
1304
1310
1305
1311
1306
1312
1307
1313
1308
1314
1315
1310
1316
1311
1317
1312
1318
1313
1319
1314
1320
1315
1321
1322
1317
1323
1318
1324
1319
1325
1320
1326
1321
1327
1322
1328
1329
1324
1330
1325
1331
1326
1332
1327
1333
1328
1334
1329
1335
1336
1331
1337
1332
1338
1333
1339
1334
1340
1335
1341
1336
1342
1343
1338
1344
1339
1345
1340
1346
1341
1347
1342
1348
1343
1349
1350
1345
1351
1346
1352
1347
1353
1348
1354
1349
1355
1350
1356
1357
1352
1358
1353
1359
1354
1360
1355
1361
1356
1362
1357
1363
1364
1359
1365
1360
1366
1361
1367
1362
1368
1363
1369
1364
1370
1371
1366
1367
1368
1369
1370
1371
1373
1379
1374
1380
1375
1381
1376
1382
1377
1383
1378
1384
1385
1672
1380
1386
1381
1387
1382
1388
1383
1389
1384
1390
1385
1391
1392
1679
1387
1393
1388
1394
1389
1395
1390
1396
1391
1397
1392
1398
1399
1686
1394
1400
1395
1401
1396
1402
1397
1403
1398
1404
1399
1405
1406
1693
1401
1407
1402
1408
1403
1409
1404
1410
1405
1411
1406
1412
1413
1700
1408
1414
1409
1415
1410
1416
1411
1417
1412
1418
1413
1419
1420
1707
1415
1421
1416
1422
1417
1423
1418
1424
1419
1425
1420
1426
1427
1714
1422
1428
1423
1429
1424
1430
1425
1431
1426
1432
1427
1433
1434
1429
1435
1430
1436
1431
1437
1432
1438
1433
1439
1434
1440
1441
1436
1442
1437
1443
1438
1444
1439
1445
1440
1446
1441
1447
1448
1443
1449
1444
1450
1445
1451
1446
1452
1447
1453
1448
1454
1455
1450
1456
1451
1457
1452
1458
1453
1459
1454
1460
1455
1461
1462
1457
1463
1458
1464
1459
1465
1460
1466
1461
1467
1462
1468
1469
1464
1561
1465
1562
1466
1563
1467
1564
1468
1565
1469
1566
1567
1471
1477
1472
1478
1473
1479
1474
1480
1475
1481
1476
1482
1483
1478
1484
1479
1485
1480
1486
1481
1487
1482
1488
1483
1489
1490
1485
1491
1486
1492
1487
1493
1488
1494
1489
1495
1490
1496
1497
1492
1498
1493
1499
1494
1500
1495
1501
1496
1502
1497
1503
1504
1499
1505
1500
1506
1501
1507
1502
1508
1503
1509
1504
1510
1511
1506
1512
1507
1513
1508
1514
1509
1515
1510
1516
1511
1517
1518
1513
1519
1514
1520
1515
1521
1516
1522
1517
1523
1518
1524
1525
1520
1526
1521
1527
1522
1528
1523
1529
1524
1530
1525
1531
1532
1527
1533
1528
1534
1529
1535
1530
1536
1531
1537
1532
1538
1539
1534
1540
1535
1541
1536
1542
1537
1543
1538
1544
1539
1545
1546
1541
1547
1542
1548
1543
1549
1544
1550
1545
1551
1546
1552
1553
1548
1554
1549
1555
1550
1556
1551
1557
1552
1558
1553
1559
1560
1555
1561
1556
1562
1557
1563
1558
1564
1559
1565
1560
1566
1567
1562
1563
1564
1565
1566
1567
1569
1575
1570
1576
1571
1577
1572
1578
1573
1579
1574
1580
1581
1868
1576
1582
1577
1583
1578
1584
1579
1585
1580
1586
1581
1587
1588
1875
1583
1589
1584
1590
1585
1591
1586
1592
1587
1593
1588
1594
1595
1882
1590
1596
1591
1597
1592
1598
1593
1599
1594
1600
1595
1601
1602
1889
1597
1603
1598
1604
1599
1605
1600
1606
1601
1607
1602
1608
1609
1896
1604
1610
1605
1611
1606
1612
1607
1613
1608
1614
1609
1615
1616
1903
1611
1617
1612
1618
1613
1619
1614
1620
1615
1621
1616
1622
1623
1910
1618
1624
1619
1625
1620
1626
1621
1627
1622
1628
1623
1629
1630
1625
1631
1626
1632
1627
1633
1628
1634
1629
1635
1630
1636
1637
1632
1638
1633
1639
1634
1640
1635
1641
1636
1642
1637
1643
1644
1639
1645
1640
1646
1641
1647
1642
1648
1643
1649
1644
1650
1651
1646
1652
1647
1653
1648
1654
1649
1655
1650
1656
1651
1657
1658
1653
1659
1654
1660
1655
1661
1656
1662
1657
1663
1658
1664
1665
1660
1757
1661
1758
1662
1759
1663
1760
1664
1761
1665
1762
1763
1667
1673
1668
1674
1669
1675
1670
1676
1671
1677
1672
1678
1679
1674
1680
1675
1681
1676
1682
1677
1683
1678
1684
1679
1685
1686
1681
1687
1682
1688
1683
1689
1684
1690
1685
1691
1686
1692
1693
1688
1694
1689
1695
1690
1696
1691
1697
1692
1698
1693
1699
1700
1695
1701
1696
1702
1697
1703
1698
1704
1699
1705
1700
1706
1707
1702
1708
1703
1709
1704
1710
1705
1711
1706
1712
1707
1713
1714
1709
1715
1710
1716
1711
1717
1712
1718
1713
1719
1714
1720
1721
1716
1722
1717
1723
1718
1724
1719
1725
1720
1726
1721
1727
1728
1723
1729
1724
1730
1725
1731
1726
1732
1727
1733
1728
1734
1735
1730
1736
1731
1737
1732
1738
1733
1739
1734
1740
1735
1741
1742
1737
1743
1738
1744
1739
1745
1740
1746
1741
1747
1742
1748
1749
1744
1750
1745
1751
1746
1752
1747
1753
1748
1754
1749
1755
1756
1751
1757
1752
1758
1753
1759
1754
1760
1755
1761
1756
1762
1763
1758
1759
1760
1761
1762
1763
1765
1771
1766
1772
1767
1773
1768
1774
1769
1775
1770
1776
1777
2064
1772
1778
1773
1779
1774
1780
1775
1781
1776
1782
1777
1783
1784
2071
1779
1785
1780
1786
1781
1787
1782
1788
1783
1789
1784
1790
1791
2078
1786
1792
1787
1793
1788
1794
1789
1795
1790
1796
1791
1797
1798
2085
1793
1799
1794
1800
1795
1801
1796
1802
1797
1803
1798
1804
1805
2092
1800
1806
1801
1807
1802
1808
1803
1809
1804
1810
1805
1811
1812
2099
1807
1813
1808
1814
1809
1815
1810
1816
1811
1817
1812
1818
1819
2106
1814
1820
1815
1821
1816
1822
1817
1823
1818
1824
1819
1825
1826
1821
1827
1822
1828
1823
1829
1824
1830
1825
1831
1826
1832
1833
1828
1834
1829
1835
1830
1836
1831
1837
1832
1838
1833
1839
1840
1835
1841
1836
1842
1837
1843
1838
1844
1839
1845
1840
1846
1847
1842
1848
1843
1849
1844
1850
1845
1851
1846
1852
1847
1853
1854
1849
1855
1850
1856
1851
1857
1852
1858
1853
1859
1854
1860
1861
1856
1953
1857
1954
1858
1955
1859
1956
1860
1957
1861
1958
1959
1863
1869
1864
1870
1865
1871
1866
1872
1867
1873
1868
1874
1875
1870
1876
1871
1877
1872
1878
1873
1879
1874
1880
1875
1881
1882
1877
1883
1878
1884
1879
1885
1880
1886
1881
1887
1882
1888
1889
1884
1890
1885
1891
1886
1892
1887
1893
1888
1894
1889
1895
1896
1891
1897
1892
1898
1893
1899
1894
1900
1895
1901
1896
1902
1903
1898
1904
1899
1905
1900
1906
1901
1907
1902
1908
1903
1909
1910
1905
1911
1906
1912
1907
1913
1908
1914
1909
1915
1910
1916
1917
1912
1918
1913
1919
1914
1920
1915
1921
1916
1922
1917
1923
1924
1919
1925
1920
1926
1921
1927
1922
1928
1923
1929
1924
1930
1931
1926
1932
1927
1933
1928
1934
1929
1935
1930
1936
1931
1937
1938
1933
1939
1934
1940
1935
1941
1936
1942
1937
1943
1938
1944
1945
1940
1946
1941
1947
1942
1948
1943
1949
1944
1950
1945
1951
1952
1947
1953
1948
1954
1949
1955
1950
1956
1951
1957
1952
1958
1959
1954
1955
1956
1957
1958
1959
1961
1967
1962
1968
1963
1969
1964
1970
1965
1971
1966
1972
1973
2260
1968
1974
1969
1975
1970
1976
1971
1977
1972
1978
1973
1979
1980
2267
1975
1981
1976
1982
1977
1983
1978
1984
1979
1985
1980
1986
1987
2274
1982
1988
1983
1989
1984
1990
1985
1991
1986
1992
1987
1993
1994
2281
1989
1995
1990
1996
1991
1997
1992
1998
1993
1999
1994
2000
2001
2288
1996
2002
1997
2003
1998
2004
1999
2005
2000
2006
2001
2007
2008
2295
2003
2009
2004
2010
2005
2011
2006
2012
2007
2013
2008
2014
2015
2302
2010
2016
2011
2017
2012
2018
2013
2019
2014
2020
2015
2021
2022
2017
2023
2018
2024
2019
2025
2020
2026
2021
2027
2022
2028
2029
2024
2030
2025
2031
2026
2032
2027
2033
2028
2034
2029
2035
2036
2031
2037
2032
2038
2033
2039
2034
2040
2035
2041
2036
2042
2043
2038
2044
2039
2045
2040
2046
2041
2047
2042
2048
2043
2049
2050
2045
2051
2046
2052
2047
2053
2048
2054
2049
2055
2050
2056
2057
2052
2149
2053
2150
2054
2151
2055
2152
2056
2153
2057
2154
2155
2059
2065
2060
2066
2061
2067
2062
2068
2063
2069
2064
2070
2071
2066
2072
2067
2073
2068
2074
2069
2075
2070
2076
2071
2077
2078
2073
2079
2074
2080
2075
2081
2076
2082
2077
2083
2078
2084
2085
2080
2086
2081
2087
2082
2088
2083
2089
2084
2090
2085
2091
2092
2087
2093
2088
2094
2089
2095
2090
2096
2091
2097
2092
2098
2099
2094
2100
2095
2101
2096
2102
2097
2103
2098
2104
2099
2105
2106
2101
2107
2102
2108
2103
2109
2104
2110
2105
2111
2106
2112
2113
2108
2114
2109
2115
2110
2116
2111
2117
2112
2118
2113
2119
2120
2115
2121
2116
2122
2117
2123
2118
2124
2119
2125
2120
2126
2127
2122
2128
2123
2129
2124
2130
2125
2131
2126
2132
2127
2133
2134
2129
2135
2130
2136
2131
2137
2132
2138
2133
2139
2134
2140
2141
2136
2142
2137
2143
2138
2144
2139
2145
2140
2146
2141
2147
2148
2143
2149
2144
2150
2145
2151
2146
2152
2147
2153
2148
2154
2155
2150
2151
2152
2153
2154
2155
2157
2163
2158
2164
2159
2165
2160
2166
2161
2167
2162
2168
2169
2456
2164
2170
2165
2171
2166
2172
2167
2173
2168
2174
2169
2175
2176
2463
2171
2177
2172
2178
2173
2179
2174
2180
2175
2181
2176
2182
2183
2470
2178
2184
2179
2185
2180
2186
2181
2187
2182
2188
2183
2189
2190
2477
2185
2191
2186
2192
2187
2193
2188
2194
2189
2195
2190
2196
2197
2484
2192
2198
2193
2199
2194
2200
2195
2201
2196
2202
2197
2203
2204
2491
2199
2205
2200
2206
2201
2207
2202
2208
2203
2209
2204
2210
2211
2498
2206
2212
2207
2213
2208
2214
2209
2215
2210
2216
2211
2217
2218
2213
2219
2214
2220
2215
2221
2216
2222
2217
2223
2218
2224
2225
2220
2226
2221
2227
2222
2228
2223
2229
2224
2230
2225
2231
2232
2227
2233
2228
2234
2229
2235
2230
2236
2231
2237
2232
2238
2239
2234
2240
2235
2241
2236
2242
2237
2243
2238
2244
2239
2245
2246
2241
2247
2242
2248
2243
2249
2244
2250
2245
2251
2246
2252
2253
2248
2345
2249
2346
2250
2347
2251
2348
2252
2349
2253
2350
2351
2255
2261
2256
2262
2257
2263
2258
2264
2259
2265
2260
2266
2267
2262
2268
2263
2269
2264
2270
2265
2271
2266
2272
2267
2273
2274
2269
2275
2270
2276
2271
2277
2272
2278
2273
2279
2274
2280
2281
2276
2282
2277
2283
2278
2284
2279
2285
2280
2286
2281
2287
2288
2283
2289
2284
2290
2285
2291
2286
2292
2287
2293
2288
2294
2295
2290
2296
2291
2297
2292
2298
2293
2299
2294
2300
2295
2301
2302
2297
2303
2298
2304
2299
2305
2300
2306
2301
2307
2302
2308
2309
2304
2310
2305
2311
2306
2312
2307
2313
2308
2314
2309
2315
2316
2311
2317
2312
2318
2313
2319
2314
2320
2315
2321
2316
2322
2323
2318
2324
2319
2325
2320
2326
2321
2327
2322
2328
2323
2329
2330
2325
2331
2326
2332
2327
2333
2328
2334
2329
2335
2330
2336
2337
2332
2338
2333
2339
2334
2340
2335
2341
2336
2342
2337
2343
2344
2339
2345
2340
2346
2341
2347
2342
2348
2343
2349
2344
2350
2351
2346
2347
2348
2349
2350
2351
2353
2359
2354
2360
2355
2361
2356
2362
2357
2363
2358
2364
2365
2652
2360
2366
2361
2367
2362
2368
2363
2369
2364
2370
2365
2371
2372
2659
2367
2373
2368
2374
2369
2375
2370
2376
2371
2377
2372
2378
2379
2666
2374
2380
2375
2381
2376
2382
2377
2383
2378
2384
2379
2385
2386
2673
2381
2387
2382
2388
2383
2389
2384
2390
2385
2391
2386
2392
2393
2680
2388
2394
2389
2395
2390
2396
2391
2397
2392
2398
2393
2399
2400
2687
2395
2401
2396
2402
2397
2403
2398
2404
2399
2405
2400
2406
2407
2694
2402
2408
2403
2409
2404
2410
2405
2411
2406
2412
2407
2413
2414
2409
2415
2410
2416
2411
2417
2412
2418
2413
2419
2414
2420
2421
2416
2422
2417
2423
2418
2424
2419
2425
2420
2426
2421
2427
2428
2423
2429
2424
2430
2425
2431
2426
2432
2427
2433
2428
2434
2435
2430
2436
2431
2437
2432
2438
2433
2439
2434
2440
2435
2441
2442
2437
2443
2438
2444
2439
2445
2440
2446
2441
2447
2442
2448
2449
2444
2541
2445
2542
2446
2543
2447
2544
2448
2545
2449
2546
2547
2451
2457
2452
2458
2453
2459
2454
2460
2455
2461
2456
2462
2463
2458
2464
2459
2465
2460
2466
2461
2467
2462
2468
2463
2469
2470
2465
2471
2466
2472
2467
2473
2468
2474
2469
2475
2470
2476
2477
2472
2478
2473
2479
2474
2480
2475
2481
2476
2482
2477
2483
2484
2479
2485
2480
2486
2481
2487
2482
2488
2483
2489
2484
2490
2491
2486
2492
2487
2493
2488
2494
2489
2495
2490
2496
2491
2497
2498
2493
2499
2494
2500
2495
2501
2496
2502
2497
2503
2498
2504
2505
2500
2506
2501
2507
2502
2508
2503
2509
2504
2510
2505
2511
2512
2507
2513
2508
2514
2509
2515
2510
2516
2511
2517
2512
2518
2519
2514
2520
2515
2521
2516
2522
2517
2523
2518
2524
2519
2525
2526
2521
2527
2522
2528
2523
2529
2524
2530
2525
2531
2526
2532
2533
2528
2534
2529
2535
2530
2536
2531
2537
2532
2538
2533
2539
2540
2535
2541
2536
2542
2537
2543
2538
2544
2539
2545
2540
2546
2547
2542
2543
2544
2545
2546
2547
2549
2555
2550
2556
2551
2557
2552
2558
2553
2559
2554
2560
2561
2848
2556
2562
2557
2563
2558
2564
2559
2565
2560
2566
2561
2567
2568
2855
2563
2569
2564
2570
2565
2571
2566
2572
2567
2573
2568
2574
2575
2862
2570
2576
2571
2577
2572
2578
2573
2579
2574
2580
2575
2581
2582
2869
2577
2583
2578
2584
2579
2585
2580
2586
2581
2587
2582
2588
2589
2876
2584
2590
2585
2591
2586
2592
2587
2593
2588
2594
2589
2595
2596
2883
2591
2597
2592
2598
2593
2599
2594
2600
2595
2601
2596
2602
2603
2890
2598
2604
2599
2605
2600
2606
2601
2607
2602
2608
2603
2609
2610
2605
2611
2606
2612
2607
2613
2608
2614
2609
2615
2610
2616
2617
2612
2618
2613
2619
2614
2620
2615
2621
2616
2622
2617
2623
2624
2619
2625
2620
2626
2621
2627
2622
2628
2623
2629
2624
2630
2631
2626
2632
2627
2633
2628
2634
2629
2635
2630
2636
2631
2637
2638
2633
2639
2634
2640
2635
2641
2636
2642
2637
2643
2638
2644
2645
2640
2737
2641
2738
2642
2739
2643
2740
2644
2741
2645
2742
2743
2647
2653
2648
2654
2649
2655
2650
2656
2651
2657
2652
2658
2659
2654
2660
2655
2661
2656
2662
2657
2663
2658
2664
2659
2665
2666
2661
2667
2662
2668
2663
2669
2664
2670
2665
2671
2666
2672
2673
2668
2674
2669
2675
2670
2676
2671
2677
2672
2678
2673
2679
2680
2675
2681
2676
2682
2677
2683
2678
2684
2679
2685
2680
2686
2687
2682
2688
2683
2689
2684
2690
2685
2691
2686
2692
2687
2693
2694
2689
2695
2690
2696
2691
2697
2692
2698
2693
2699
2694
2700
2701
2696
2702
2697
2703
2698
2704
2699
2705
2700
2706
2701
2707
2708
2703
2709
2704
2710
2705
2711
2706
2712
2707
2713
2708
2714
2715
2710
2716
2711
2717
2712
2718
2713
2719
2714
2720
2715
2721
2722
2717
2723
2718
2724
2719
2725
2720
2726
2721
2727
2722
2728
2729
2724
2730
2725
2731
2726
2732
2727
2733
2728
2734
2729
2735
2736
2731
2737
2732
2738
2733
2739
2734
2740
2735
2741
2736
2742
2743
2738
2739
2740
2741
2742
2743
2745
2751
2746
2752
2747
2753
2748
2754
2749
2755
2750
2756
2757
3044
2752
2758
2753
2759
2754
2760
2755
2761
2756
2762
2757
2763
2764
3051
2759
2765
2760
2766
2761
2767
2762
2768
2763
2769
2764
2770
2771
3058
2766
2772
2767
2773
2768
2774
2769
2775
2770
2776
2771
2777
2778
3065
2773
2779
2774
2780
2775
2781
2776
2782
2777
2783
2778
2784
2785
3072
2780
2786
2781
2787
2782
2788
2783
2789
2784
2790
2785
2791
2792
3079
2787
2793
2788
2794
2789
2795
2790
2796
2791
2797
2792
2798
2799
3086
2794
2800
2795
2801
2796
2802
2797
2803
2798
2804
2799
2805
2806
2801
2807
2802
2808
2803
2809
2804
2810
2805
2811
2806
2812
2813
2808
2814
2809
2815
2810
2816
2811
2817
2812
2818
2813
2819
2820
2815
2821
2816
2822
2817
2823
2818
2824
2819
2825
2820
2826
2827
2822
2828
2823
2829
2824
2830
2825
2831
2826
2832
2827
2833
2834
2829
2835
2830
2836
2831
2837
2832
2838
2833
2839
2834
2840
2841
2836
2933
2837
2934
2838
2935
2839
2936
2840
2937
2841
2938
2939
2843
2849
2844
2850
2845
2851
2846
2852
2847
2853
2848
2854
2855
2850
2856
2851
2857
2852
2858
2853
2859
2854
2860
2855
2861
2862
2857
2863
2858
2864
2859
2865
2860
2866
2861
2867
2862
2868
2869
2864
2870
2865
2871
2866
2872
2867
2873
2868
2874
2869
2875
2876
2871
2877
2872
2878
2873
2879
2874
2880
2875
2881
2876
2882
2883
2878
2884
2879
2885
2880
2886
2881
2887
2882
2888
2883
2889
2890
2885
2891
2886
2892
2887
2893
2888
2894
2889
2895
2890
2896
2897
2892
2898
2893
2899
2894
2900
2895
2901
2896
2902
2897
2903
2904
2899
2905
2900
2906
2901
2907
2902
2908
2903
2909
2904
2910
2911
2906
2912
2907
2913
2908
2914
2909
2915
2910
2916
2911
2917
2918
2913
2919
2914
2920
2915
2921
2916
2922
2917
2923
2918
2924
2925
2920
2926
2921
2927
2922
2928
2923
2929
2924
2930
2925
2931
2932
2927
2933
2928
2934
2929
2935
2930
2936
2931
2937
2932
2938
2939
2934
2935
2936
2937
2938
2939
2941
2947
2942
2948
2943
2949
2944
2950
2945
2951
2946
2952
2953
2948
2954
2949
2955
2950
2956
2951
2957
2952
2958
2953
2959
2960
2955
2961
2956
2962
2957
2963
2958
2964
2959
2965
2960
2966
2967
2962
2968
2963
2969
2964
2970
2965
2971
2966
2972
2967
2973
2974
2969
2975
2970
2976
2971
2977
2972
2978
2973
2979
2974
2980
2981
2976
2982
2977
2983
2978
2984
2979
2985
2980
2986
2981
2987
2988
2983
2989
2984
2990
2985
2991
2986
2992
2987
2993
2988
2994
2995
2990
2996
2991
2997
2992
2998
2993
2999
2994
3000
2995
3001
3002
2997
3003
2998
3004
2999
3005
3000
3006
3001
3007
3002
3008
3009
3004
3010
3005
3011
3006
3012
3007
3013
3008
3014
3009
3015
3016
3011
3017
3012
3018
3013
3019
3014
3020
3015
3021
3016
3022
3023
3018
3024
3019
3025
3020
3026
3021
3027
3022
3028
3023
3029
3030
3025
3031
3026
3032
3027
3033
3028
3034
3029
3035
3030
3036
3037
3032
3129
3033
3130
3034
3131
3035
3132
3036
3133
3037
3134
3135
3039
3045
3040
3046
3041
3047
3042
3048
3043
3049
3044
3050
3051
3046
3052
3047
3053
3048
3054
3049
3055
3050
3056
3051
3057
3058
3053
3059
3054
3060
3055
3061
3056
3062
3057
3063
3058
3064
3065
3060
3066
3061
3067
3062
3068
3063
3069
3064
3070
3065
3071
3072
3067
3073
3068
3074
3069
3075
3070
3076
3071
3077
3072
3078
3079
3074
3080
3075
3081
3076
3082
3077
3083
3078
3084
3079
3085
3086
3081
3087
3082
3088
3083
3089
3084
3090
3085
3091
3086
3092
3093
3088
3094
3089
3095
3090
3096
3091
3097
3092
3098
3093
3099
3100
3095
3101
3096
3102
3097
3103
3098
3104
3099
3105
3100
3106
3107
3102
3108
3103
3109
3104
3110
3105
3111
3106
3112
3107
3113
3114
3109
3115
3110
3116
3111
3117
3112
3118
3113
3119
3114
3120
3121
3116
3122
3117
3123
3118
3124
3119
3125
3120
3126
3121
3127
3128
3123
3129
3124
3130
3125
3131
3126
3132
3127
3133
3128
3134
3135
3130
3131
3132
3133
3134
3135
3137
3186
3138
3187
3139
3188
3140
3189
3141
3190
3142
3191
3143
3192
3144
3193
3145
3194
3146
3195
3147
3196
3148
3197
3149
3198
3150
3199
3151
3200
3152
3201
3153
3202
3154
3203
3155
3204
3156
3205
3157
3206
3158
3207
3159
3208
3160
3209
3161
3210
3162
3211
3163
3212
3164
3213
3165
3214
3166
3215
3167
3216
3168
3217
3169
3218
3170
3219
3171
3220
3172
3221
3173
3222
3174
3223
3175
3224
3176
3225
3177
3226
3178
3227
3179
3228
3180
3229
3181
3230
3182
3231
3183
3232
3184
3233
3185
3234
3235
3187
3236
3188
3237
3189
3238
3190
3239
3191
3240
3192
3241
3193
3242
3194
3243
3195
3244
3196
3245
3197
3246
3198
3247
3199
3248
3200
3249
3201
3250
3202
3251
3203
3252
3204
3253
3205
3254
3206
3255
3207
3256
3208
3257
3209
3258
3210
3259
3211
3260
3212
3261
3213
3262
3214
3263
3215
3264
3216
3265
3217
3266
3218
3267
3219
3268
3220
3269
3221
3270
3222
3271
3223
3272
3224
3273
3225
3274
3226
3275
3227
3276
3228
3277
3229
3278
3230
3279
3231
3280
3232
3281
3233
3282
3234
3283
3235
3284
3285
3237
3286
3238
3287
3239
3288
3240
3289
3241
3290
3242
3291
3243
3292
3244
3293
3245
3294
3246
3295
3247
3296
3248
3297
3249
3298
3250
3299
3251
3300
3252
3301
3253
3302
3254
3303
3255
3304
3256
3305
3257
3306
3258
3307
3259
3308
3260
3309
3261
3310
3262
3311
3263
3312
3264
3313
3265
3314
3266
3315
3267
3316
3268
3317
3269
3318
3270
3319
3271
3320
3272
3321
3273
3322
3274
3323
3275
3324
3276
3325
3277
3326
3278
3327
3279
3328
3280
3329
3281
3330
3282
3331
3283
3332
3284
3333
3285
3334
3335
3287
3336
3288
3337
3289
3338
3290
3339
3291
3340
3292
3341
3293
3342
3294
3343
3295
3344
3296
3345
3297
3346
3298
3347
3299
3348
3300
3349
3301
3350
3302
3351
3303
3352
3304
3353
3305
3354
3306
3355
3307
3356
3308
3357
3309
3358
3310
3359
3311
3360
3312
3361
3313
3362
3314
3363
3315
3364
3316
3365
3317
3366
3318
3367
3319
3368
3320
3369
3321
3370
3322
3371
3323
3372
3324
3373
3325
3374
3326
3375
3327
3376
3328
3377
3329
3378
3330
3379
3331
3380
3332
3381
3333
3382
3334
3383
3335
3384
3385
3337
3386
3338
3387
3339
3388
3340
3389
3341
3390
3342
3391
3343
3392
3344
3393
3345
3394
3346
3395
3347
3396
3348
3397
3349
3398
3350
3399
3351
3400
3352
3401
3353
3402
3354
3403
3355
3404
3356
3405
3357
3406
3358
3407
3359
3408
3360
3409
3361
3410
3362
3411
3363
3412
3364
3413
3365
3414
3366
3415
3367
3416
3368
3417
3369
3418
3370
3419
3371
3420
3372
3421
3373
3422
3374
3423
3375
3424
3376
3425
3377
3426
3378
3427
3379
3428
3380
3429
3381
3430
3382
3431
3383
3432
3384
3433
3385
3434
3435
3387
3436
3388
3437
3389
3438
3390
3439
3391
3440
3392
3441
3393
3442
3394
3443
3395
3444
3396
3445
3397
3446
3398
3447
3399
3448
3400
3449
3401
3450
3402
3451
3403
3452
3404
3453
3405
3454
3406
3455
3407
3456
3408
3457
3409
3458
3410
3459
3411
3460
3412
3461
3413
3462
3414
3463
3415
3464
3416
3465
3417
3466
3418
3467
3419
3468
3420
3469
3421
3470
3422
3471
3423
3472
3424
3473
3425
3474
3426
3475
3427
3476
3428
3477
3429
3478
3430
3479
3431
3480
3432
3481
3433
3482
3434
3483
3435
3484
3485
3437
3438
3439
3440
3441
3442
3443
3444
3445
3446
3447
3448
3449
3450
3451
3452
3453
3454
3455
3456
3457
3458
3459
3460
3461
3462
3463
3464
3465
3466
3467
3468
3469
3470
3471
3472
3473
3474
3475
3476
3477
3478
3479
3480
3481
3482
3483
3484
3485
)


// ************************************************************************* //
