/*--------------------------------*- C++ -*----------------------------------*\
| =========                 |                                                 |
| \\      /  F ield         | OpenFOAM: The Open Source CFD Toolbox           |
|  \\    /   O peration     | Version:  2.0.1                                 |
|   \\  /    A nd           | Web:      www.OpenFOAM.com                      |
|    \\/     M anipulation  |                                                 |
\*---------------------------------------------------------------------------*/
FoamFile
{
    version     2.0;
    format      ascii;
    class       labelList;
    note        "nPoints: 2662 nCells: 1200 nFaces: 4930 nInternalFaces: 2270";
    location    "constant/polyMesh";
    object      neighbour;
}
// * * * * * * * * * * * * * * * * * * * * * * * * * * * * * * * * * * * * * //


2270
(
1
120
2
121
3
122
4
123
5
124
6
125
7
126
8
127
9
128
10
129
11
130
12
131
13
132
14
133
15
134
16
135
17
136
18
137
19
138
20
139
21
140
22
141
23
142
24
143
25
144
26
145
27
146
28
147
29
148
30
149
31
150
32
151
33
152
34
153
35
154
36
155
37
156
38
157
39
158
40
159
41
160
42
161
43
162
44
163
45
164
46
165
47
166
48
167
49
168
50
169
51
170
52
171
53
172
54
173
55
174
56
175
57
176
58
177
59
178
60
179
61
180
62
181
63
182
64
183
65
184
66
185
67
186
68
187
69
188
70
189
71
190
72
191
73
192
74
193
75
194
76
195
77
196
78
197
79
198
80
199
81
200
82
201
83
202
84
203
85
204
86
205
87
206
88
207
89
208
90
209
91
210
92
211
93
212
94
213
95
214
96
215
97
216
98
217
99
218
100
219
101
220
102
221
103
222
104
223
105
224
106
225
107
226
108
227
109
228
110
229
111
230
112
231
113
232
114
233
115
234
116
235
117
236
118
237
119
238
239
121
240
122
241
123
242
124
243
125
244
126
245
127
246
128
247
129
248
130
249
131
250
132
251
133
252
134
253
135
254
136
255
137
256
138
257
139
258
140
259
141
260
142
261
143
262
144
263
145
264
146
265
147
266
148
267
149
268
150
269
151
270
152
271
153
272
154
273
155
274
156
275
157
276
158
277
159
278
160
279
161
280
162
281
163
282
164
283
165
284
166
285
167
286
168
287
169
288
170
289
171
290
172
291
173
292
174
293
175
294
176
295
177
296
178
297
179
298
180
299
181
300
182
301
183
302
184
303
185
304
186
305
187
306
188
307
189
308
190
309
191
310
192
311
193
312
194
313
195
314
196
315
197
316
198
317
199
318
200
319
201
320
202
321
203
322
204
323
205
324
206
325
207
326
208
327
209
328
210
329
211
330
212
331
213
332
214
333
215
334
216
335
217
336
218
337
219
338
220
339
221
340
222
341
223
342
224
343
225
344
226
345
227
346
228
347
229
348
230
349
231
350
232
351
233
352
234
353
235
354
236
355
237
356
238
357
239
358
359
241
360
242
361
243
362
244
363
245
364
246
365
247
366
248
367
249
368
250
369
251
370
252
371
253
372
254
373
255
374
256
375
257
376
258
377
259
378
260
379
261
380
262
381
263
382
264
383
265
384
266
385
267
386
268
387
269
388
270
389
271
390
272
391
273
392
274
393
275
394
276
395
277
396
278
397
279
398
280
399
281
400
282
401
283
402
284
403
285
404
286
405
287
406
288
407
289
408
290
409
291
410
292
411
293
412
294
413
295
414
296
415
297
416
298
417
299
418
300
419
301
420
302
421
303
422
304
423
305
424
306
425
307
426
308
427
309
428
310
429
311
430
312
431
313
432
314
433
315
434
316
435
317
436
318
437
319
438
320
439
321
440
322
441
323
442
324
443
325
444
326
445
327
446
328
447
329
448
330
449
331
450
332
451
333
452
334
453
335
454
336
455
337
456
338
457
339
458
340
459
341
460
342
461
343
462
344
463
345
464
346
465
347
466
348
467
349
468
350
469
351
470
352
471
353
472
354
473
355
474
356
475
357
476
358
477
359
478
479
361
480
362
481
363
482
364
483
365
484
366
485
367
486
368
487
369
488
370
489
371
490
372
491
373
492
374
493
375
494
376
495
377
496
378
497
379
498
380
499
381
500
382
501
383
502
384
503
385
504
386
505
387
506
388
507
389
508
390
509
391
510
392
511
393
512
394
513
395
514
396
515
397
516
398
517
399
518
400
519
401
520
402
521
403
522
404
523
405
524
406
525
407
526
408
527
409
528
410
529
411
530
412
531
413
532
414
533
415
534
416
535
417
536
418
537
419
538
420
539
421
540
422
541
423
542
424
543
425
544
426
545
427
546
428
547
429
548
430
549
431
550
432
551
433
552
434
553
435
554
436
555
437
556
438
557
439
558
440
559
441
560
442
561
443
562
444
563
445
564
446
565
447
566
448
567
449
568
450
569
451
570
452
571
453
572
454
573
455
574
456
575
457
576
458
577
459
578
460
579
461
580
462
581
463
582
464
583
465
584
466
585
467
586
468
587
469
588
470
589
471
590
472
591
473
592
474
593
475
594
476
595
477
596
478
597
479
598
599
481
600
482
601
483
602
484
603
485
604
486
605
487
606
488
607
489
608
490
609
491
610
492
611
493
612
494
613
495
614
496
615
497
616
498
617
499
618
500
619
501
620
502
621
503
622
504
623
505
624
506
625
507
626
508
627
509
628
510
629
511
630
512
631
513
632
514
633
515
634
516
635
517
636
518
637
519
638
520
639
521
640
522
641
523
642
524
643
525
644
526
645
527
646
528
647
529
648
530
649
531
650
532
651
533
652
534
653
535
654
536
655
537
656
538
657
539
658
540
659
541
660
542
661
543
662
544
663
545
664
546
665
547
666
548
667
549
668
550
669
551
670
552
671
553
672
554
673
555
674
556
675
557
676
558
677
559
678
560
679
561
680
562
681
563
682
564
683
565
684
566
685
567
686
568
687
569
688
570
689
571
690
572
691
573
692
574
693
575
694
576
695
577
696
578
697
579
698
580
699
581
700
582
701
583
702
584
703
585
704
586
705
587
706
588
707
589
708
590
709
591
710
592
711
593
712
594
713
595
714
596
715
597
716
598
717
599
718
719
601
720
602
721
603
722
604
723
605
724
606
725
607
726
608
727
609
728
610
729
611
730
612
731
613
732
614
733
615
734
616
735
617
736
618
737
619
738
620
739
621
740
622
741
623
742
624
743
625
744
626
745
627
746
628
747
629
748
630
749
631
750
632
751
633
752
634
753
635
754
636
755
637
756
638
757
639
758
640
759
641
760
642
761
643
762
644
763
645
764
646
765
647
766
648
767
649
768
650
769
651
770
652
771
653
772
654
773
655
774
656
775
657
776
658
777
659
778
660
779
661
780
662
781
663
782
664
783
665
784
666
785
667
786
668
787
669
788
670
789
671
790
672
791
673
792
674
793
675
794
676
795
677
796
678
797
679
798
680
799
681
800
682
801
683
802
684
803
685
804
686
805
687
806
688
807
689
808
690
809
691
810
692
811
693
812
694
813
695
814
696
815
697
816
698
817
699
818
700
819
701
820
702
821
703
822
704
823
705
824
706
825
707
826
708
827
709
828
710
829
711
830
712
831
713
832
714
833
715
834
716
835
717
836
718
837
719
838
839
721
840
722
841
723
842
724
843
725
844
726
845
727
846
728
847
729
848
730
849
731
850
732
851
733
852
734
853
735
854
736
855
737
856
738
857
739
858
740
859
741
860
742
861
743
862
744
863
745
864
746
865
747
866
748
867
749
868
750
869
751
870
752
871
753
872
754
873
755
874
756
875
757
876
758
877
759
878
760
879
761
880
762
881
763
882
764
883
765
884
766
885
767
886
768
887
769
888
770
889
771
890
772
891
773
892
774
893
775
894
776
895
777
896
778
897
779
898
780
899
781
900
782
901
783
902
784
903
785
904
786
905
787
906
788
907
789
908
790
909
791
910
792
911
793
912
794
913
795
914
796
915
797
916
798
917
799
918
800
919
801
920
802
921
803
922
804
923
805
924
806
925
807
926
808
927
809
928
810
929
811
930
812
931
813
932
814
933
815
934
816
935
817
936
818
937
819
938
820
939
821
940
822
941
823
942
824
943
825
944
826
945
827
946
828
947
829
948
830
949
831
950
832
951
833
952
834
953
835
954
836
955
837
956
838
957
839
958
959
841
960
842
961
843
962
844
963
845
964
846
965
847
966
848
967
849
968
850
969
851
970
852
971
853
972
854
973
855
974
856
975
857
976
858
977
859
978
860
979
861
980
862
981
863
982
864
983
865
984
866
985
867
986
868
987
869
988
870
989
871
990
872
991
873
992
874
993
875
994
876
995
877
996
878
997
879
998
880
999
881
1000
882
1001
883
1002
884
1003
885
1004
886
1005
887
1006
888
1007
889
1008
890
1009
891
1010
892
1011
893
1012
894
1013
895
1014
896
1015
897
1016
898
1017
899
1018
900
1019
901
1020
902
1021
903
1022
904
1023
905
1024
906
1025
907
1026
908
1027
909
1028
910
1029
911
1030
912
1031
913
1032
914
1033
915
1034
916
1035
917
1036
918
1037
919
1038
920
1039
921
1040
922
1041
923
1042
924
1043
925
1044
926
1045
927
1046
928
1047
929
1048
930
1049
931
1050
932
1051
933
1052
934
1053
935
1054
936
1055
937
1056
938
1057
939
1058
940
1059
941
1060
942
1061
943
1062
944
1063
945
1064
946
1065
947
1066
948
1067
949
1068
950
1069
951
1070
952
1071
953
1072
954
1073
955
1074
956
1075
957
1076
958
1077
959
1078
1079
961
1080
962
1081
963
1082
964
1083
965
1084
966
1085
967
1086
968
1087
969
1088
970
1089
971
1090
972
1091
973
1092
974
1093
975
1094
976
1095
977
1096
978
1097
979
1098
980
1099
981
1100
982
1101
983
1102
984
1103
985
1104
986
1105
987
1106
988
1107
989
1108
990
1109
991
1110
992
1111
993
1112
994
1113
995
1114
996
1115
997
1116
998
1117
999
1118
1000
1119
1001
1120
1002
1121
1003
1122
1004
1123
1005
1124
1006
1125
1007
1126
1008
1127
1009
1128
1010
1129
1011
1130
1012
1131
1013
1132
1014
1133
1015
1134
1016
1135
1017
1136
1018
1137
1019
1138
1020
1139
1021
1140
1022
1141
1023
1142
1024
1143
1025
1144
1026
1145
1027
1146
1028
1147
1029
1148
1030
1149
1031
1150
1032
1151
1033
1152
1034
1153
1035
1154
1036
1155
1037
1156
1038
1157
1039
1158
1040
1159
1041
1160
1042
1161
1043
1162
1044
1163
1045
1164
1046
1165
1047
1166
1048
1167
1049
1168
1050
1169
1051
1170
1052
1171
1053
1172
1054
1173
1055
1174
1056
1175
1057
1176
1058
1177
1059
1178
1060
1179
1061
1180
1062
1181
1063
1182
1064
1183
1065
1184
1066
1185
1067
1186
1068
1187
1069
1188
1070
1189
1071
1190
1072
1191
1073
1192
1074
1193
1075
1194
1076
1195
1077
1196
1078
1197
1079
1198
1199
1081
1082
1083
1084
1085
1086
1087
1088
1089
1090
1091
1092
1093
1094
1095
1096
1097
1098
1099
1100
1101
1102
1103
1104
1105
1106
1107
1108
1109
1110
1111
1112
1113
1114
1115
1116
1117
1118
1119
1120
1121
1122
1123
1124
1125
1126
1127
1128
1129
1130
1131
1132
1133
1134
1135
1136
1137
1138
1139
1140
1141
1142
1143
1144
1145
1146
1147
1148
1149
1150
1151
1152
1153
1154
1155
1156
1157
1158
1159
1160
1161
1162
1163
1164
1165
1166
1167
1168
1169
1170
1171
1172
1173
1174
1175
1176
1177
1178
1179
1180
1181
1182
1183
1184
1185
1186
1187
1188
1189
1190
1191
1192
1193
1194
1195
1196
1197
1198
1199
)


// ************************************************************************* //
