/*--------------------------------*- C++ -*----------------------------------*\
| =========                 |                                                 |
| \\      /  F ield         | OpenFOAM: The Open Source CFD Toolbox           |
|  \\    /   O peration     | Version:  2.0.1                                 |
|   \\  /    A nd           | Web:      www.OpenFOAM.com                      |
|    \\/     M anipulation  |                                                 |
\*---------------------------------------------------------------------------*/
FoamFile
{
    version     2.0;
    format      ascii;
    class       labelList;
    note        "nPoints: 2662 nCells: 1200 nFaces: 4930 nInternalFaces: 2270";
    location    "constant/polyMesh";
    object      owner;
}
// * * * * * * * * * * * * * * * * * * * * * * * * * * * * * * * * * * * * * //


4930
(
0
0
1
1
2
2
3
3
4
4
5
5
6
6
7
7
8
8
9
9
10
10
11
11
12
12
13
13
14
14
15
15
16
16
17
17
18
18
19
19
20
20
21
21
22
22
23
23
24
24
25
25
26
26
27
27
28
28
29
29
30
30
31
31
32
32
33
33
34
34
35
35
36
36
37
37
38
38
39
39
40
40
41
41
42
42
43
43
44
44
45
45
46
46
47
47
48
48
49
49
50
50
51
51
52
52
53
53
54
54
55
55
56
56
57
57
58
58
59
59
60
60
61
61
62
62
63
63
64
64
65
65
66
66
67
67
68
68
69
69
70
70
71
71
72
72
73
73
74
74
75
75
76
76
77
77
78
78
79
79
80
80
81
81
82
82
83
83
84
84
85
85
86
86
87
87
88
88
89
89
90
90
91
91
92
92
93
93
94
94
95
95
96
96
97
97
98
98
99
99
100
100
101
101
102
102
103
103
104
104
105
105
106
106
107
107
108
108
109
109
110
110
111
111
112
112
113
113
114
114
115
115
116
116
117
117
118
118
119
120
120
121
121
122
122
123
123
124
124
125
125
126
126
127
127
128
128
129
129
130
130
131
131
132
132
133
133
134
134
135
135
136
136
137
137
138
138
139
139
140
140
141
141
142
142
143
143
144
144
145
145
146
146
147
147
148
148
149
149
150
150
151
151
152
152
153
153
154
154
155
155
156
156
157
157
158
158
159
159
160
160
161
161
162
162
163
163
164
164
165
165
166
166
167
167
168
168
169
169
170
170
171
171
172
172
173
173
174
174
175
175
176
176
177
177
178
178
179
179
180
180
181
181
182
182
183
183
184
184
185
185
186
186
187
187
188
188
189
189
190
190
191
191
192
192
193
193
194
194
195
195
196
196
197
197
198
198
199
199
200
200
201
201
202
202
203
203
204
204
205
205
206
206
207
207
208
208
209
209
210
210
211
211
212
212
213
213
214
214
215
215
216
216
217
217
218
218
219
219
220
220
221
221
222
222
223
223
224
224
225
225
226
226
227
227
228
228
229
229
230
230
231
231
232
232
233
233
234
234
235
235
236
236
237
237
238
238
239
240
240
241
241
242
242
243
243
244
244
245
245
246
246
247
247
248
248
249
249
250
250
251
251
252
252
253
253
254
254
255
255
256
256
257
257
258
258
259
259
260
260
261
261
262
262
263
263
264
264
265
265
266
266
267
267
268
268
269
269
270
270
271
271
272
272
273
273
274
274
275
275
276
276
277
277
278
278
279
279
280
280
281
281
282
282
283
283
284
284
285
285
286
286
287
287
288
288
289
289
290
290
291
291
292
292
293
293
294
294
295
295
296
296
297
297
298
298
299
299
300
300
301
301
302
302
303
303
304
304
305
305
306
306
307
307
308
308
309
309
310
310
311
311
312
312
313
313
314
314
315
315
316
316
317
317
318
318
319
319
320
320
321
321
322
322
323
323
324
324
325
325
326
326
327
327
328
328
329
329
330
330
331
331
332
332
333
333
334
334
335
335
336
336
337
337
338
338
339
339
340
340
341
341
342
342
343
343
344
344
345
345
346
346
347
347
348
348
349
349
350
350
351
351
352
352
353
353
354
354
355
355
356
356
357
357
358
358
359
360
360
361
361
362
362
363
363
364
364
365
365
366
366
367
367
368
368
369
369
370
370
371
371
372
372
373
373
374
374
375
375
376
376
377
377
378
378
379
379
380
380
381
381
382
382
383
383
384
384
385
385
386
386
387
387
388
388
389
389
390
390
391
391
392
392
393
393
394
394
395
395
396
396
397
397
398
398
399
399
400
400
401
401
402
402
403
403
404
404
405
405
406
406
407
407
408
408
409
409
410
410
411
411
412
412
413
413
414
414
415
415
416
416
417
417
418
418
419
419
420
420
421
421
422
422
423
423
424
424
425
425
426
426
427
427
428
428
429
429
430
430
431
431
432
432
433
433
434
434
435
435
436
436
437
437
438
438
439
439
440
440
441
441
442
442
443
443
444
444
445
445
446
446
447
447
448
448
449
449
450
450
451
451
452
452
453
453
454
454
455
455
456
456
457
457
458
458
459
459
460
460
461
461
462
462
463
463
464
464
465
465
466
466
467
467
468
468
469
469
470
470
471
471
472
472
473
473
474
474
475
475
476
476
477
477
478
478
479
480
480
481
481
482
482
483
483
484
484
485
485
486
486
487
487
488
488
489
489
490
490
491
491
492
492
493
493
494
494
495
495
496
496
497
497
498
498
499
499
500
500
501
501
502
502
503
503
504
504
505
505
506
506
507
507
508
508
509
509
510
510
511
511
512
512
513
513
514
514
515
515
516
516
517
517
518
518
519
519
520
520
521
521
522
522
523
523
524
524
525
525
526
526
527
527
528
528
529
529
530
530
531
531
532
532
533
533
534
534
535
535
536
536
537
537
538
538
539
539
540
540
541
541
542
542
543
543
544
544
545
545
546
546
547
547
548
548
549
549
550
550
551
551
552
552
553
553
554
554
555
555
556
556
557
557
558
558
559
559
560
560
561
561
562
562
563
563
564
564
565
565
566
566
567
567
568
568
569
569
570
570
571
571
572
572
573
573
574
574
575
575
576
576
577
577
578
578
579
579
580
580
581
581
582
582
583
583
584
584
585
585
586
586
587
587
588
588
589
589
590
590
591
591
592
592
593
593
594
594
595
595
596
596
597
597
598
598
599
600
600
601
601
602
602
603
603
604
604
605
605
606
606
607
607
608
608
609
609
610
610
611
611
612
612
613
613
614
614
615
615
616
616
617
617
618
618
619
619
620
620
621
621
622
622
623
623
624
624
625
625
626
626
627
627
628
628
629
629
630
630
631
631
632
632
633
633
634
634
635
635
636
636
637
637
638
638
639
639
640
640
641
641
642
642
643
643
644
644
645
645
646
646
647
647
648
648
649
649
650
650
651
651
652
652
653
653
654
654
655
655
656
656
657
657
658
658
659
659
660
660
661
661
662
662
663
663
664
664
665
665
666
666
667
667
668
668
669
669
670
670
671
671
672
672
673
673
674
674
675
675
676
676
677
677
678
678
679
679
680
680
681
681
682
682
683
683
684
684
685
685
686
686
687
687
688
688
689
689
690
690
691
691
692
692
693
693
694
694
695
695
696
696
697
697
698
698
699
699
700
700
701
701
702
702
703
703
704
704
705
705
706
706
707
707
708
708
709
709
710
710
711
711
712
712
713
713
714
714
715
715
716
716
717
717
718
718
719
720
720
721
721
722
722
723
723
724
724
725
725
726
726
727
727
728
728
729
729
730
730
731
731
732
732
733
733
734
734
735
735
736
736
737
737
738
738
739
739
740
740
741
741
742
742
743
743
744
744
745
745
746
746
747
747
748
748
749
749
750
750
751
751
752
752
753
753
754
754
755
755
756
756
757
757
758
758
759
759
760
760
761
761
762
762
763
763
764
764
765
765
766
766
767
767
768
768
769
769
770
770
771
771
772
772
773
773
774
774
775
775
776
776
777
777
778
778
779
779
780
780
781
781
782
782
783
783
784
784
785
785
786
786
787
787
788
788
789
789
790
790
791
791
792
792
793
793
794
794
795
795
796
796
797
797
798
798
799
799
800
800
801
801
802
802
803
803
804
804
805
805
806
806
807
807
808
808
809
809
810
810
811
811
812
812
813
813
814
814
815
815
816
816
817
817
818
818
819
819
820
820
821
821
822
822
823
823
824
824
825
825
826
826
827
827
828
828
829
829
830
830
831
831
832
832
833
833
834
834
835
835
836
836
837
837
838
838
839
840
840
841
841
842
842
843
843
844
844
845
845
846
846
847
847
848
848
849
849
850
850
851
851
852
852
853
853
854
854
855
855
856
856
857
857
858
858
859
859
860
860
861
861
862
862
863
863
864
864
865
865
866
866
867
867
868
868
869
869
870
870
871
871
872
872
873
873
874
874
875
875
876
876
877
877
878
878
879
879
880
880
881
881
882
882
883
883
884
884
885
885
886
886
887
887
888
888
889
889
890
890
891
891
892
892
893
893
894
894
895
895
896
896
897
897
898
898
899
899
900
900
901
901
902
902
903
903
904
904
905
905
906
906
907
907
908
908
909
909
910
910
911
911
912
912
913
913
914
914
915
915
916
916
917
917
918
918
919
919
920
920
921
921
922
922
923
923
924
924
925
925
926
926
927
927
928
928
929
929
930
930
931
931
932
932
933
933
934
934
935
935
936
936
937
937
938
938
939
939
940
940
941
941
942
942
943
943
944
944
945
945
946
946
947
947
948
948
949
949
950
950
951
951
952
952
953
953
954
954
955
955
956
956
957
957
958
958
959
960
960
961
961
962
962
963
963
964
964
965
965
966
966
967
967
968
968
969
969
970
970
971
971
972
972
973
973
974
974
975
975
976
976
977
977
978
978
979
979
980
980
981
981
982
982
983
983
984
984
985
985
986
986
987
987
988
988
989
989
990
990
991
991
992
992
993
993
994
994
995
995
996
996
997
997
998
998
999
999
1000
1000
1001
1001
1002
1002
1003
1003
1004
1004
1005
1005
1006
1006
1007
1007
1008
1008
1009
1009
1010
1010
1011
1011
1012
1012
1013
1013
1014
1014
1015
1015
1016
1016
1017
1017
1018
1018
1019
1019
1020
1020
1021
1021
1022
1022
1023
1023
1024
1024
1025
1025
1026
1026
1027
1027
1028
1028
1029
1029
1030
1030
1031
1031
1032
1032
1033
1033
1034
1034
1035
1035
1036
1036
1037
1037
1038
1038
1039
1039
1040
1040
1041
1041
1042
1042
1043
1043
1044
1044
1045
1045
1046
1046
1047
1047
1048
1048
1049
1049
1050
1050
1051
1051
1052
1052
1053
1053
1054
1054
1055
1055
1056
1056
1057
1057
1058
1058
1059
1059
1060
1060
1061
1061
1062
1062
1063
1063
1064
1064
1065
1065
1066
1066
1067
1067
1068
1068
1069
1069
1070
1070
1071
1071
1072
1072
1073
1073
1074
1074
1075
1075
1076
1076
1077
1077
1078
1078
1079
1080
1081
1082
1083
1084
1085
1086
1087
1088
1089
1090
1091
1092
1093
1094
1095
1096
1097
1098
1099
1100
1101
1102
1103
1104
1105
1106
1107
1108
1109
1110
1111
1112
1113
1114
1115
1116
1117
1118
1119
1120
1121
1122
1123
1124
1125
1126
1127
1128
1129
1130
1131
1132
1133
1134
1135
1136
1137
1138
1139
1140
1141
1142
1143
1144
1145
1146
1147
1148
1149
1150
1151
1152
1153
1154
1155
1156
1157
1158
1159
1160
1161
1162
1163
1164
1165
1166
1167
1168
1169
1170
1171
1172
1173
1174
1175
1176
1177
1178
1179
1180
1181
1182
1183
1184
1185
1186
1187
1188
1189
1190
1191
1192
1193
1194
1195
1196
1197
1198
0
120
240
360
480
600
720
840
960
1080
119
239
359
479
599
719
839
959
1079
1199
0
1
2
3
4
5
6
7
8
9
10
11
12
13
14
15
16
17
18
19
20
21
22
23
24
25
26
27
28
29
30
31
32
33
34
35
36
37
38
39
40
41
42
43
44
45
46
47
48
49
50
51
52
53
54
55
56
57
58
59
60
61
62
63
64
65
66
67
68
69
70
71
72
73
74
75
76
77
78
79
80
81
82
83
84
85
86
87
88
89
90
91
92
93
94
95
96
97
98
99
100
101
102
103
104
105
106
107
108
109
110
111
112
113
114
115
116
117
118
119
1080
1081
1082
1083
1084
1085
1086
1087
1088
1089
1090
1091
1092
1093
1094
1095
1096
1097
1098
1099
1100
1101
1102
1103
1104
1105
1106
1107
1108
1109
1110
1111
1112
1113
1114
1115
1116
1117
1118
1119
1120
1121
1122
1123
1124
1125
1126
1127
1128
1129
1130
1131
1132
1133
1134
1135
1136
1137
1138
1139
1140
1141
1142
1143
1144
1145
1146
1147
1148
1149
1150
1151
1152
1153
1154
1155
1156
1157
1158
1159
1160
1161
1162
1163
1164
1165
1166
1167
1168
1169
1170
1171
1172
1173
1174
1175
1176
1177
1178
1179
1180
1181
1182
1183
1184
1185
1186
1187
1188
1189
1190
1191
1192
1193
1194
1195
1196
1197
1198
1199
0
120
240
360
480
600
720
840
960
1080
1
121
241
361
481
601
721
841
961
1081
2
122
242
362
482
602
722
842
962
1082
3
123
243
363
483
603
723
843
963
1083
4
124
244
364
484
604
724
844
964
1084
5
125
245
365
485
605
725
845
965
1085
6
126
246
366
486
606
726
846
966
1086
7
127
247
367
487
607
727
847
967
1087
8
128
248
368
488
608
728
848
968
1088
9
129
249
369
489
609
729
849
969
1089
10
130
250
370
490
610
730
850
970
1090
11
131
251
371
491
611
731
851
971
1091
12
132
252
372
492
612
732
852
972
1092
13
133
253
373
493
613
733
853
973
1093
14
134
254
374
494
614
734
854
974
1094
15
135
255
375
495
615
735
855
975
1095
16
136
256
376
496
616
736
856
976
1096
17
137
257
377
497
617
737
857
977
1097
18
138
258
378
498
618
738
858
978
1098
19
139
259
379
499
619
739
859
979
1099
20
140
260
380
500
620
740
860
980
1100
21
141
261
381
501
621
741
861
981
1101
22
142
262
382
502
622
742
862
982
1102
23
143
263
383
503
623
743
863
983
1103
24
144
264
384
504
624
744
864
984
1104
25
145
265
385
505
625
745
865
985
1105
26
146
266
386
506
626
746
866
986
1106
27
147
267
387
507
627
747
867
987
1107
28
148
268
388
508
628
748
868
988
1108
29
149
269
389
509
629
749
869
989
1109
30
150
270
390
510
630
750
870
990
1110
31
151
271
391
511
631
751
871
991
1111
32
152
272
392
512
632
752
872
992
1112
33
153
273
393
513
633
753
873
993
1113
34
154
274
394
514
634
754
874
994
1114
35
155
275
395
515
635
755
875
995
1115
36
156
276
396
516
636
756
876
996
1116
37
157
277
397
517
637
757
877
997
1117
38
158
278
398
518
638
758
878
998
1118
39
159
279
399
519
639
759
879
999
1119
40
160
280
400
520
640
760
880
1000
1120
41
161
281
401
521
641
761
881
1001
1121
42
162
282
402
522
642
762
882
1002
1122
43
163
283
403
523
643
763
883
1003
1123
44
164
284
404
524
644
764
884
1004
1124
45
165
285
405
525
645
765
885
1005
1125
46
166
286
406
526
646
766
886
1006
1126
47
167
287
407
527
647
767
887
1007
1127
48
168
288
408
528
648
768
888
1008
1128
49
169
289
409
529
649
769
889
1009
1129
50
170
290
410
530
650
770
890
1010
1130
51
171
291
411
531
651
771
891
1011
1131
52
172
292
412
532
652
772
892
1012
1132
53
173
293
413
533
653
773
893
1013
1133
54
174
294
414
534
654
774
894
1014
1134
55
175
295
415
535
655
775
895
1015
1135
56
176
296
416
536
656
776
896
1016
1136
57
177
297
417
537
657
777
897
1017
1137
58
178
298
418
538
658
778
898
1018
1138
59
179
299
419
539
659
779
899
1019
1139
60
180
300
420
540
660
780
900
1020
1140
61
181
301
421
541
661
781
901
1021
1141
62
182
302
422
542
662
782
902
1022
1142
63
183
303
423
543
663
783
903
1023
1143
64
184
304
424
544
664
784
904
1024
1144
65
185
305
425
545
665
785
905
1025
1145
66
186
306
426
546
666
786
906
1026
1146
67
187
307
427
547
667
787
907
1027
1147
68
188
308
428
548
668
788
908
1028
1148
69
189
309
429
549
669
789
909
1029
1149
70
190
310
430
550
670
790
910
1030
1150
71
191
311
431
551
671
791
911
1031
1151
72
192
312
432
552
672
792
912
1032
1152
73
193
313
433
553
673
793
913
1033
1153
74
194
314
434
554
674
794
914
1034
1154
75
195
315
435
555
675
795
915
1035
1155
76
196
316
436
556
676
796
916
1036
1156
77
197
317
437
557
677
797
917
1037
1157
78
198
318
438
558
678
798
918
1038
1158
79
199
319
439
559
679
799
919
1039
1159
80
200
320
440
560
680
800
920
1040
1160
81
201
321
441
561
681
801
921
1041
1161
82
202
322
442
562
682
802
922
1042
1162
83
203
323
443
563
683
803
923
1043
1163
84
204
324
444
564
684
804
924
1044
1164
85
205
325
445
565
685
805
925
1045
1165
86
206
326
446
566
686
806
926
1046
1166
87
207
327
447
567
687
807
927
1047
1167
88
208
328
448
568
688
808
928
1048
1168
89
209
329
449
569
689
809
929
1049
1169
90
210
330
450
570
690
810
930
1050
1170
91
211
331
451
571
691
811
931
1051
1171
92
212
332
452
572
692
812
932
1052
1172
93
213
333
453
573
693
813
933
1053
1173
94
214
334
454
574
694
814
934
1054
1174
95
215
335
455
575
695
815
935
1055
1175
96
216
336
456
576
696
816
936
1056
1176
97
217
337
457
577
697
817
937
1057
1177
98
218
338
458
578
698
818
938
1058
1178
99
219
339
459
579
699
819
939
1059
1179
100
220
340
460
580
700
820
940
1060
1180
101
221
341
461
581
701
821
941
1061
1181
102
222
342
462
582
702
822
942
1062
1182
103
223
343
463
583
703
823
943
1063
1183
104
224
344
464
584
704
824
944
1064
1184
105
225
345
465
585
705
825
945
1065
1185
106
226
346
466
586
706
826
946
1066
1186
107
227
347
467
587
707
827
947
1067
1187
108
228
348
468
588
708
828
948
1068
1188
109
229
349
469
589
709
829
949
1069
1189
110
230
350
470
590
710
830
950
1070
1190
111
231
351
471
591
711
831
951
1071
1191
112
232
352
472
592
712
832
952
1072
1192
113
233
353
473
593
713
833
953
1073
1193
114
234
354
474
594
714
834
954
1074
1194
115
235
355
475
595
715
835
955
1075
1195
116
236
356
476
596
716
836
956
1076
1196
117
237
357
477
597
717
837
957
1077
1197
118
238
358
478
598
718
838
958
1078
1198
119
239
359
479
599
719
839
959
1079
1199
0
120
240
360
480
600
720
840
960
1080
1
121
241
361
481
601
721
841
961
1081
2
122
242
362
482
602
722
842
962
1082
3
123
243
363
483
603
723
843
963
1083
4
124
244
364
484
604
724
844
964
1084
5
125
245
365
485
605
725
845
965
1085
6
126
246
366
486
606
726
846
966
1086
7
127
247
367
487
607
727
847
967
1087
8
128
248
368
488
608
728
848
968
1088
9
129
249
369
489
609
729
849
969
1089
10
130
250
370
490
610
730
850
970
1090
11
131
251
371
491
611
731
851
971
1091
12
132
252
372
492
612
732
852
972
1092
13
133
253
373
493
613
733
853
973
1093
14
134
254
374
494
614
734
854
974
1094
15
135
255
375
495
615
735
855
975
1095
16
136
256
376
496
616
736
856
976
1096
17
137
257
377
497
617
737
857
977
1097
18
138
258
378
498
618
738
858
978
1098
19
139
259
379
499
619
739
859
979
1099
20
140
260
380
500
620
740
860
980
1100
21
141
261
381
501
621
741
861
981
1101
22
142
262
382
502
622
742
862
982
1102
23
143
263
383
503
623
743
863
983
1103
24
144
264
384
504
624
744
864
984
1104
25
145
265
385
505
625
745
865
985
1105
26
146
266
386
506
626
746
866
986
1106
27
147
267
387
507
627
747
867
987
1107
28
148
268
388
508
628
748
868
988
1108
29
149
269
389
509
629
749
869
989
1109
30
150
270
390
510
630
750
870
990
1110
31
151
271
391
511
631
751
871
991
1111
32
152
272
392
512
632
752
872
992
1112
33
153
273
393
513
633
753
873
993
1113
34
154
274
394
514
634
754
874
994
1114
35
155
275
395
515
635
755
875
995
1115
36
156
276
396
516
636
756
876
996
1116
37
157
277
397
517
637
757
877
997
1117
38
158
278
398
518
638
758
878
998
1118
39
159
279
399
519
639
759
879
999
1119
40
160
280
400
520
640
760
880
1000
1120
41
161
281
401
521
641
761
881
1001
1121
42
162
282
402
522
642
762
882
1002
1122
43
163
283
403
523
643
763
883
1003
1123
44
164
284
404
524
644
764
884
1004
1124
45
165
285
405
525
645
765
885
1005
1125
46
166
286
406
526
646
766
886
1006
1126
47
167
287
407
527
647
767
887
1007
1127
48
168
288
408
528
648
768
888
1008
1128
49
169
289
409
529
649
769
889
1009
1129
50
170
290
410
530
650
770
890
1010
1130
51
171
291
411
531
651
771
891
1011
1131
52
172
292
412
532
652
772
892
1012
1132
53
173
293
413
533
653
773
893
1013
1133
54
174
294
414
534
654
774
894
1014
1134
55
175
295
415
535
655
775
895
1015
1135
56
176
296
416
536
656
776
896
1016
1136
57
177
297
417
537
657
777
897
1017
1137
58
178
298
418
538
658
778
898
1018
1138
59
179
299
419
539
659
779
899
1019
1139
60
180
300
420
540
660
780
900
1020
1140
61
181
301
421
541
661
781
901
1021
1141
62
182
302
422
542
662
782
902
1022
1142
63
183
303
423
543
663
783
903
1023
1143
64
184
304
424
544
664
784
904
1024
1144
65
185
305
425
545
665
785
905
1025
1145
66
186
306
426
546
666
786
906
1026
1146
67
187
307
427
547
667
787
907
1027
1147
68
188
308
428
548
668
788
908
1028
1148
69
189
309
429
549
669
789
909
1029
1149
70
190
310
430
550
670
790
910
1030
1150
71
191
311
431
551
671
791
911
1031
1151
72
192
312
432
552
672
792
912
1032
1152
73
193
313
433
553
673
793
913
1033
1153
74
194
314
434
554
674
794
914
1034
1154
75
195
315
435
555
675
795
915
1035
1155
76
196
316
436
556
676
796
916
1036
1156
77
197
317
437
557
677
797
917
1037
1157
78
198
318
438
558
678
798
918
1038
1158
79
199
319
439
559
679
799
919
1039
1159
80
200
320
440
560
680
800
920
1040
1160
81
201
321
441
561
681
801
921
1041
1161
82
202
322
442
562
682
802
922
1042
1162
83
203
323
443
563
683
803
923
1043
1163
84
204
324
444
564
684
804
924
1044
1164
85
205
325
445
565
685
805
925
1045
1165
86
206
326
446
566
686
806
926
1046
1166
87
207
327
447
567
687
807
927
1047
1167
88
208
328
448
568
688
808
928
1048
1168
89
209
329
449
569
689
809
929
1049
1169
90
210
330
450
570
690
810
930
1050
1170
91
211
331
451
571
691
811
931
1051
1171
92
212
332
452
572
692
812
932
1052
1172
93
213
333
453
573
693
813
933
1053
1173
94
214
334
454
574
694
814
934
1054
1174
95
215
335
455
575
695
815
935
1055
1175
96
216
336
456
576
696
816
936
1056
1176
97
217
337
457
577
697
817
937
1057
1177
98
218
338
458
578
698
818
938
1058
1178
99
219
339
459
579
699
819
939
1059
1179
100
220
340
460
580
700
820
940
1060
1180
101
221
341
461
581
701
821
941
1061
1181
102
222
342
462
582
702
822
942
1062
1182
103
223
343
463
583
703
823
943
1063
1183
104
224
344
464
584
704
824
944
1064
1184
105
225
345
465
585
705
825
945
1065
1185
106
226
346
466
586
706
826
946
1066
1186
107
227
347
467
587
707
827
947
1067
1187
108
228
348
468
588
708
828
948
1068
1188
109
229
349
469
589
709
829
949
1069
1189
110
230
350
470
590
710
830
950
1070
1190
111
231
351
471
591
711
831
951
1071
1191
112
232
352
472
592
712
832
952
1072
1192
113
233
353
473
593
713
833
953
1073
1193
114
234
354
474
594
714
834
954
1074
1194
115
235
355
475
595
715
835
955
1075
1195
116
236
356
476
596
716
836
956
1076
1196
117
237
357
477
597
717
837
957
1077
1197
118
238
358
478
598
718
838
958
1078
1198
119
239
359
479
599
719
839
959
1079
1199
)


// ************************************************************************* //
