/*--------------------------------*- C++ -*----------------------------------*\
| =========                 |                                                 |
| \\      /  F ield         | OpenFOAM: The Open Source CFD Toolbox           |
|  \\    /   O peration     | Version:  2.0.1                                 |
|   \\  /    A nd           | Web:      www.OpenFOAM.com                      |
|    \\/     M anipulation  |                                                 |
\*---------------------------------------------------------------------------*/
FoamFile
{
    version     2.0;
    format      ascii;
    class       vectorField;
    location    "constant/polyMesh";
    object      points;
}
// * * * * * * * * * * * * * * * * * * * * * * * * * * * * * * * * * * * * * //


2662
(
(0 0 0)
(0.000125 0 0)
(0.00025 0 0)
(0.000375 0 0)
(0.0005 0 0)
(0.000625 0 0)
(0.00075 0 0)
(0.000875 0 0)
(0.001 0 0)
(0.001125 0 0)
(0.00125 0 0)
(0.001375 0 0)
(0.0015 0 0)
(0.001625 0 0)
(0.00175 0 0)
(0.001875 0 0)
(0.002 0 0)
(0.002125 0 0)
(0.00225 0 0)
(0.002375 0 0)
(0.0025 0 0)
(0.002625 0 0)
(0.00275 0 0)
(0.002875 0 0)
(0.003 0 0)
(0.003125 0 0)
(0.00325 0 0)
(0.003375 0 0)
(0.0035 0 0)
(0.003625 0 0)
(0.00375 0 0)
(0.003875 0 0)
(0.004 0 0)
(0.004125 0 0)
(0.00425 0 0)
(0.004375 0 0)
(0.0045 0 0)
(0.004625 0 0)
(0.00475 0 0)
(0.004875 0 0)
(0.005 0 0)
(0.005125 0 0)
(0.00525 0 0)
(0.005375 0 0)
(0.0055 0 0)
(0.005625 0 0)
(0.00575 0 0)
(0.005875 0 0)
(0.006 0 0)
(0.006125 0 0)
(0.00625 0 0)
(0.006375 0 0)
(0.0065 0 0)
(0.006625 0 0)
(0.00675 0 0)
(0.006875 0 0)
(0.007 0 0)
(0.007125 0 0)
(0.00725 0 0)
(0.007375 0 0)
(0.0075 0 0)
(0.007625 0 0)
(0.00775 0 0)
(0.007875 0 0)
(0.008 0 0)
(0.008125 0 0)
(0.00825 0 0)
(0.008375 0 0)
(0.0085 0 0)
(0.008625 0 0)
(0.00875 0 0)
(0.008875 0 0)
(0.009 0 0)
(0.009125 0 0)
(0.00925 0 0)
(0.009375 0 0)
(0.0095 0 0)
(0.009625 0 0)
(0.00975 0 0)
(0.009875 0 0)
(0.01 0 0)
(0.010125 0 0)
(0.01025 0 0)
(0.010375 0 0)
(0.0105 0 0)
(0.010625 0 0)
(0.01075 0 0)
(0.010875 0 0)
(0.011 0 0)
(0.011125 0 0)
(0.01125 0 0)
(0.011375 0 0)
(0.0115 0 0)
(0.011625 0 0)
(0.01175 0 0)
(0.011875 0 0)
(0.012 0 0)
(0.012125 0 0)
(0.01225 0 0)
(0.012375 0 0)
(0.0125 0 0)
(0.012625 0 0)
(0.01275 0 0)
(0.012875 0 0)
(0.013 0 0)
(0.013125 0 0)
(0.01325 0 0)
(0.013375 0 0)
(0.0135 0 0)
(0.013625 0 0)
(0.01375 0 0)
(0.013875 0 0)
(0.014 0 0)
(0.014125 0 0)
(0.01425 0 0)
(0.014375 0 0)
(0.0145 0 0)
(0.014625 0 0)
(0.01475 0 0)
(0.014875 0 0)
(0.015 0 0)
(0 5e-05 0)
(0.000125 5e-05 0)
(0.00025 5e-05 0)
(0.000375 5e-05 0)
(0.0005 5e-05 0)
(0.000625 5e-05 0)
(0.00075 5e-05 0)
(0.000875 5e-05 0)
(0.001 5e-05 0)
(0.001125 5e-05 0)
(0.00125 5e-05 0)
(0.001375 5e-05 0)
(0.0015 5e-05 0)
(0.001625 5e-05 0)
(0.00175 5e-05 0)
(0.001875 5e-05 0)
(0.002 5e-05 0)
(0.002125 5e-05 0)
(0.00225 5e-05 0)
(0.002375 5e-05 0)
(0.0025 5e-05 0)
(0.002625 5e-05 0)
(0.00275 5e-05 0)
(0.002875 5e-05 0)
(0.003 5e-05 0)
(0.003125 5e-05 0)
(0.00325 5e-05 0)
(0.003375 5e-05 0)
(0.0035 5e-05 0)
(0.003625 5e-05 0)
(0.00375 5e-05 0)
(0.003875 5e-05 0)
(0.004 5e-05 0)
(0.004125 5e-05 0)
(0.00425 5e-05 0)
(0.004375 5e-05 0)
(0.0045 5e-05 0)
(0.004625 5e-05 0)
(0.00475 5e-05 0)
(0.004875 5e-05 0)
(0.005 5e-05 0)
(0.005125 5e-05 0)
(0.00525 5e-05 0)
(0.005375 5e-05 0)
(0.0055 5e-05 0)
(0.005625 5e-05 0)
(0.00575 5e-05 0)
(0.005875 5e-05 0)
(0.006 5e-05 0)
(0.006125 5e-05 0)
(0.00625 5e-05 0)
(0.006375 5e-05 0)
(0.0065 5e-05 0)
(0.006625 5e-05 0)
(0.00675 5e-05 0)
(0.006875 5e-05 0)
(0.007 5e-05 0)
(0.007125 5e-05 0)
(0.00725 5e-05 0)
(0.007375 5e-05 0)
(0.0075 5e-05 0)
(0.007625 5e-05 0)
(0.00775 5e-05 0)
(0.007875 5e-05 0)
(0.008 5e-05 0)
(0.008125 5e-05 0)
(0.00825 5e-05 0)
(0.008375 5e-05 0)
(0.0085 5e-05 0)
(0.008625 5e-05 0)
(0.00875 5e-05 0)
(0.008875 5e-05 0)
(0.009 5e-05 0)
(0.009125 5e-05 0)
(0.00925 5e-05 0)
(0.009375 5e-05 0)
(0.0095 5e-05 0)
(0.009625 5e-05 0)
(0.00975 5e-05 0)
(0.009875 5e-05 0)
(0.01 5e-05 0)
(0.010125 5e-05 0)
(0.01025 5e-05 0)
(0.010375 5e-05 0)
(0.0105 5e-05 0)
(0.010625 5e-05 0)
(0.01075 5e-05 0)
(0.010875 5e-05 0)
(0.011 5e-05 0)
(0.011125 5e-05 0)
(0.01125 5e-05 0)
(0.011375 5e-05 0)
(0.0115 5e-05 0)
(0.011625 5e-05 0)
(0.01175 5e-05 0)
(0.011875 5e-05 0)
(0.012 5e-05 0)
(0.012125 5e-05 0)
(0.01225 5e-05 0)
(0.012375 5e-05 0)
(0.0125 5e-05 0)
(0.012625 5e-05 0)
(0.01275 5e-05 0)
(0.012875 5e-05 0)
(0.013 5e-05 0)
(0.013125 5e-05 0)
(0.01325 5e-05 0)
(0.013375 5e-05 0)
(0.0135 5e-05 0)
(0.013625 5e-05 0)
(0.01375 5e-05 0)
(0.013875 5e-05 0)
(0.014 5e-05 0)
(0.014125 5e-05 0)
(0.01425 5e-05 0)
(0.014375 5e-05 0)
(0.0145 5e-05 0)
(0.014625 5e-05 0)
(0.01475 5e-05 0)
(0.014875 5e-05 0)
(0.015 5e-05 0)
(0 0.0001 0)
(0.000125 0.0001 0)
(0.00025 0.0001 0)
(0.000375 0.0001 0)
(0.0005 0.0001 0)
(0.000625 0.0001 0)
(0.00075 0.0001 0)
(0.000875 0.0001 0)
(0.001 0.0001 0)
(0.001125 0.0001 0)
(0.00125 0.0001 0)
(0.001375 0.0001 0)
(0.0015 0.0001 0)
(0.001625 0.0001 0)
(0.00175 0.0001 0)
(0.001875 0.0001 0)
(0.002 0.0001 0)
(0.002125 0.0001 0)
(0.00225 0.0001 0)
(0.002375 0.0001 0)
(0.0025 0.0001 0)
(0.002625 0.0001 0)
(0.00275 0.0001 0)
(0.002875 0.0001 0)
(0.003 0.0001 0)
(0.003125 0.0001 0)
(0.00325 0.0001 0)
(0.003375 0.0001 0)
(0.0035 0.0001 0)
(0.003625 0.0001 0)
(0.00375 0.0001 0)
(0.003875 0.0001 0)
(0.004 0.0001 0)
(0.004125 0.0001 0)
(0.00425 0.0001 0)
(0.004375 0.0001 0)
(0.0045 0.0001 0)
(0.004625 0.0001 0)
(0.00475 0.0001 0)
(0.004875 0.0001 0)
(0.005 0.0001 0)
(0.005125 0.0001 0)
(0.00525 0.0001 0)
(0.005375 0.0001 0)
(0.0055 0.0001 0)
(0.005625 0.0001 0)
(0.00575 0.0001 0)
(0.005875 0.0001 0)
(0.006 0.0001 0)
(0.006125 0.0001 0)
(0.00625 0.0001 0)
(0.006375 0.0001 0)
(0.0065 0.0001 0)
(0.006625 0.0001 0)
(0.00675 0.0001 0)
(0.006875 0.0001 0)
(0.007 0.0001 0)
(0.007125 0.0001 0)
(0.00725 0.0001 0)
(0.007375 0.0001 0)
(0.0075 0.0001 0)
(0.007625 0.0001 0)
(0.00775 0.0001 0)
(0.007875 0.0001 0)
(0.008 0.0001 0)
(0.008125 0.0001 0)
(0.00825 0.0001 0)
(0.008375 0.0001 0)
(0.0085 0.0001 0)
(0.008625 0.0001 0)
(0.00875 0.0001 0)
(0.008875 0.0001 0)
(0.009 0.0001 0)
(0.009125 0.0001 0)
(0.00925 0.0001 0)
(0.009375 0.0001 0)
(0.0095 0.0001 0)
(0.009625 0.0001 0)
(0.00975 0.0001 0)
(0.009875 0.0001 0)
(0.01 0.0001 0)
(0.010125 0.0001 0)
(0.01025 0.0001 0)
(0.010375 0.0001 0)
(0.0105 0.0001 0)
(0.010625 0.0001 0)
(0.01075 0.0001 0)
(0.010875 0.0001 0)
(0.011 0.0001 0)
(0.011125 0.0001 0)
(0.01125 0.0001 0)
(0.011375 0.0001 0)
(0.0115 0.0001 0)
(0.011625 0.0001 0)
(0.01175 0.0001 0)
(0.011875 0.0001 0)
(0.012 0.0001 0)
(0.012125 0.0001 0)
(0.01225 0.0001 0)
(0.012375 0.0001 0)
(0.0125 0.0001 0)
(0.012625 0.0001 0)
(0.01275 0.0001 0)
(0.012875 0.0001 0)
(0.013 0.0001 0)
(0.013125 0.0001 0)
(0.01325 0.0001 0)
(0.013375 0.0001 0)
(0.0135 0.0001 0)
(0.013625 0.0001 0)
(0.01375 0.0001 0)
(0.013875 0.0001 0)
(0.014 0.0001 0)
(0.014125 0.0001 0)
(0.01425 0.0001 0)
(0.014375 0.0001 0)
(0.0145 0.0001 0)
(0.014625 0.0001 0)
(0.01475 0.0001 0)
(0.014875 0.0001 0)
(0.015 0.0001 0)
(0 0.00015 0)
(0.000125 0.00015 0)
(0.00025 0.00015 0)
(0.000375 0.00015 0)
(0.0005 0.00015 0)
(0.000625 0.00015 0)
(0.00075 0.00015 0)
(0.000875 0.00015 0)
(0.001 0.00015 0)
(0.001125 0.00015 0)
(0.00125 0.00015 0)
(0.001375 0.00015 0)
(0.0015 0.00015 0)
(0.001625 0.00015 0)
(0.00175 0.00015 0)
(0.001875 0.00015 0)
(0.002 0.00015 0)
(0.002125 0.00015 0)
(0.00225 0.00015 0)
(0.002375 0.00015 0)
(0.0025 0.00015 0)
(0.002625 0.00015 0)
(0.00275 0.00015 0)
(0.002875 0.00015 0)
(0.003 0.00015 0)
(0.003125 0.00015 0)
(0.00325 0.00015 0)
(0.003375 0.00015 0)
(0.0035 0.00015 0)
(0.003625 0.00015 0)
(0.00375 0.00015 0)
(0.003875 0.00015 0)
(0.004 0.00015 0)
(0.004125 0.00015 0)
(0.00425 0.00015 0)
(0.004375 0.00015 0)
(0.0045 0.00015 0)
(0.004625 0.00015 0)
(0.00475 0.00015 0)
(0.004875 0.00015 0)
(0.005 0.00015 0)
(0.005125 0.00015 0)
(0.00525 0.00015 0)
(0.005375 0.00015 0)
(0.0055 0.00015 0)
(0.005625 0.00015 0)
(0.00575 0.00015 0)
(0.005875 0.00015 0)
(0.006 0.00015 0)
(0.006125 0.00015 0)
(0.00625 0.00015 0)
(0.006375 0.00015 0)
(0.0065 0.00015 0)
(0.006625 0.00015 0)
(0.00675 0.00015 0)
(0.006875 0.00015 0)
(0.007 0.00015 0)
(0.007125 0.00015 0)
(0.00725 0.00015 0)
(0.007375 0.00015 0)
(0.0075 0.00015 0)
(0.007625 0.00015 0)
(0.00775 0.00015 0)
(0.007875 0.00015 0)
(0.008 0.00015 0)
(0.008125 0.00015 0)
(0.00825 0.00015 0)
(0.008375 0.00015 0)
(0.0085 0.00015 0)
(0.008625 0.00015 0)
(0.00875 0.00015 0)
(0.008875 0.00015 0)
(0.009 0.00015 0)
(0.009125 0.00015 0)
(0.00925 0.00015 0)
(0.009375 0.00015 0)
(0.0095 0.00015 0)
(0.009625 0.00015 0)
(0.00975 0.00015 0)
(0.009875 0.00015 0)
(0.01 0.00015 0)
(0.010125 0.00015 0)
(0.01025 0.00015 0)
(0.010375 0.00015 0)
(0.0105 0.00015 0)
(0.010625 0.00015 0)
(0.01075 0.00015 0)
(0.010875 0.00015 0)
(0.011 0.00015 0)
(0.011125 0.00015 0)
(0.01125 0.00015 0)
(0.011375 0.00015 0)
(0.0115 0.00015 0)
(0.011625 0.00015 0)
(0.01175 0.00015 0)
(0.011875 0.00015 0)
(0.012 0.00015 0)
(0.012125 0.00015 0)
(0.01225 0.00015 0)
(0.012375 0.00015 0)
(0.0125 0.00015 0)
(0.012625 0.00015 0)
(0.01275 0.00015 0)
(0.012875 0.00015 0)
(0.013 0.00015 0)
(0.013125 0.00015 0)
(0.01325 0.00015 0)
(0.013375 0.00015 0)
(0.0135 0.00015 0)
(0.013625 0.00015 0)
(0.01375 0.00015 0)
(0.013875 0.00015 0)
(0.014 0.00015 0)
(0.014125 0.00015 0)
(0.01425 0.00015 0)
(0.014375 0.00015 0)
(0.0145 0.00015 0)
(0.014625 0.00015 0)
(0.01475 0.00015 0)
(0.014875 0.00015 0)
(0.015 0.00015 0)
(0 0.0002 0)
(0.000125 0.0002 0)
(0.00025 0.0002 0)
(0.000375 0.0002 0)
(0.0005 0.0002 0)
(0.000625 0.0002 0)
(0.00075 0.0002 0)
(0.000875 0.0002 0)
(0.001 0.0002 0)
(0.001125 0.0002 0)
(0.00125 0.0002 0)
(0.001375 0.0002 0)
(0.0015 0.0002 0)
(0.001625 0.0002 0)
(0.00175 0.0002 0)
(0.001875 0.0002 0)
(0.002 0.0002 0)
(0.002125 0.0002 0)
(0.00225 0.0002 0)
(0.002375 0.0002 0)
(0.0025 0.0002 0)
(0.002625 0.0002 0)
(0.00275 0.0002 0)
(0.002875 0.0002 0)
(0.003 0.0002 0)
(0.003125 0.0002 0)
(0.00325 0.0002 0)
(0.003375 0.0002 0)
(0.0035 0.0002 0)
(0.003625 0.0002 0)
(0.00375 0.0002 0)
(0.003875 0.0002 0)
(0.004 0.0002 0)
(0.004125 0.0002 0)
(0.00425 0.0002 0)
(0.004375 0.0002 0)
(0.0045 0.0002 0)
(0.004625 0.0002 0)
(0.00475 0.0002 0)
(0.004875 0.0002 0)
(0.005 0.0002 0)
(0.005125 0.0002 0)
(0.00525 0.0002 0)
(0.005375 0.0002 0)
(0.0055 0.0002 0)
(0.005625 0.0002 0)
(0.00575 0.0002 0)
(0.005875 0.0002 0)
(0.006 0.0002 0)
(0.006125 0.0002 0)
(0.00625 0.0002 0)
(0.006375 0.0002 0)
(0.0065 0.0002 0)
(0.006625 0.0002 0)
(0.00675 0.0002 0)
(0.006875 0.0002 0)
(0.007 0.0002 0)
(0.007125 0.0002 0)
(0.00725 0.0002 0)
(0.007375 0.0002 0)
(0.0075 0.0002 0)
(0.007625 0.0002 0)
(0.00775 0.0002 0)
(0.007875 0.0002 0)
(0.008 0.0002 0)
(0.008125 0.0002 0)
(0.00825 0.0002 0)
(0.008375 0.0002 0)
(0.0085 0.0002 0)
(0.008625 0.0002 0)
(0.00875 0.0002 0)
(0.008875 0.0002 0)
(0.009 0.0002 0)
(0.009125 0.0002 0)
(0.00925 0.0002 0)
(0.009375 0.0002 0)
(0.0095 0.0002 0)
(0.009625 0.0002 0)
(0.00975 0.0002 0)
(0.009875 0.0002 0)
(0.01 0.0002 0)
(0.010125 0.0002 0)
(0.01025 0.0002 0)
(0.010375 0.0002 0)
(0.0105 0.0002 0)
(0.010625 0.0002 0)
(0.01075 0.0002 0)
(0.010875 0.0002 0)
(0.011 0.0002 0)
(0.011125 0.0002 0)
(0.01125 0.0002 0)
(0.011375 0.0002 0)
(0.0115 0.0002 0)
(0.011625 0.0002 0)
(0.01175 0.0002 0)
(0.011875 0.0002 0)
(0.012 0.0002 0)
(0.012125 0.0002 0)
(0.01225 0.0002 0)
(0.012375 0.0002 0)
(0.0125 0.0002 0)
(0.012625 0.0002 0)
(0.01275 0.0002 0)
(0.012875 0.0002 0)
(0.013 0.0002 0)
(0.013125 0.0002 0)
(0.01325 0.0002 0)
(0.013375 0.0002 0)
(0.0135 0.0002 0)
(0.013625 0.0002 0)
(0.01375 0.0002 0)
(0.013875 0.0002 0)
(0.014 0.0002 0)
(0.014125 0.0002 0)
(0.01425 0.0002 0)
(0.014375 0.0002 0)
(0.0145 0.0002 0)
(0.014625 0.0002 0)
(0.01475 0.0002 0)
(0.014875 0.0002 0)
(0.015 0.0002 0)
(0 0.00025 0)
(0.000125 0.00025 0)
(0.00025 0.00025 0)
(0.000375 0.00025 0)
(0.0005 0.00025 0)
(0.000625 0.00025 0)
(0.00075 0.00025 0)
(0.000875 0.00025 0)
(0.001 0.00025 0)
(0.001125 0.00025 0)
(0.00125 0.00025 0)
(0.001375 0.00025 0)
(0.0015 0.00025 0)
(0.001625 0.00025 0)
(0.00175 0.00025 0)
(0.001875 0.00025 0)
(0.002 0.00025 0)
(0.002125 0.00025 0)
(0.00225 0.00025 0)
(0.002375 0.00025 0)
(0.0025 0.00025 0)
(0.002625 0.00025 0)
(0.00275 0.00025 0)
(0.002875 0.00025 0)
(0.003 0.00025 0)
(0.003125 0.00025 0)
(0.00325 0.00025 0)
(0.003375 0.00025 0)
(0.0035 0.00025 0)
(0.003625 0.00025 0)
(0.00375 0.00025 0)
(0.003875 0.00025 0)
(0.004 0.00025 0)
(0.004125 0.00025 0)
(0.00425 0.00025 0)
(0.004375 0.00025 0)
(0.0045 0.00025 0)
(0.004625 0.00025 0)
(0.00475 0.00025 0)
(0.004875 0.00025 0)
(0.005 0.00025 0)
(0.005125 0.00025 0)
(0.00525 0.00025 0)
(0.005375 0.00025 0)
(0.0055 0.00025 0)
(0.005625 0.00025 0)
(0.00575 0.00025 0)
(0.005875 0.00025 0)
(0.006 0.00025 0)
(0.006125 0.00025 0)
(0.00625 0.00025 0)
(0.006375 0.00025 0)
(0.0065 0.00025 0)
(0.006625 0.00025 0)
(0.00675 0.00025 0)
(0.006875 0.00025 0)
(0.007 0.00025 0)
(0.007125 0.00025 0)
(0.00725 0.00025 0)
(0.007375 0.00025 0)
(0.0075 0.00025 0)
(0.007625 0.00025 0)
(0.00775 0.00025 0)
(0.007875 0.00025 0)
(0.008 0.00025 0)
(0.008125 0.00025 0)
(0.00825 0.00025 0)
(0.008375 0.00025 0)
(0.0085 0.00025 0)
(0.008625 0.00025 0)
(0.00875 0.00025 0)
(0.008875 0.00025 0)
(0.009 0.00025 0)
(0.009125 0.00025 0)
(0.00925 0.00025 0)
(0.009375 0.00025 0)
(0.0095 0.00025 0)
(0.009625 0.00025 0)
(0.00975 0.00025 0)
(0.009875 0.00025 0)
(0.01 0.00025 0)
(0.010125 0.00025 0)
(0.01025 0.00025 0)
(0.010375 0.00025 0)
(0.0105 0.00025 0)
(0.010625 0.00025 0)
(0.01075 0.00025 0)
(0.010875 0.00025 0)
(0.011 0.00025 0)
(0.011125 0.00025 0)
(0.01125 0.00025 0)
(0.011375 0.00025 0)
(0.0115 0.00025 0)
(0.011625 0.00025 0)
(0.01175 0.00025 0)
(0.011875 0.00025 0)
(0.012 0.00025 0)
(0.012125 0.00025 0)
(0.01225 0.00025 0)
(0.012375 0.00025 0)
(0.0125 0.00025 0)
(0.012625 0.00025 0)
(0.01275 0.00025 0)
(0.012875 0.00025 0)
(0.013 0.00025 0)
(0.013125 0.00025 0)
(0.01325 0.00025 0)
(0.013375 0.00025 0)
(0.0135 0.00025 0)
(0.013625 0.00025 0)
(0.01375 0.00025 0)
(0.013875 0.00025 0)
(0.014 0.00025 0)
(0.014125 0.00025 0)
(0.01425 0.00025 0)
(0.014375 0.00025 0)
(0.0145 0.00025 0)
(0.014625 0.00025 0)
(0.01475 0.00025 0)
(0.014875 0.00025 0)
(0.015 0.00025 0)
(0 0.0003 0)
(0.000125 0.0003 0)
(0.00025 0.0003 0)
(0.000375 0.0003 0)
(0.0005 0.0003 0)
(0.000625 0.0003 0)
(0.00075 0.0003 0)
(0.000875 0.0003 0)
(0.001 0.0003 0)
(0.001125 0.0003 0)
(0.00125 0.0003 0)
(0.001375 0.0003 0)
(0.0015 0.0003 0)
(0.001625 0.0003 0)
(0.00175 0.0003 0)
(0.001875 0.0003 0)
(0.002 0.0003 0)
(0.002125 0.0003 0)
(0.00225 0.0003 0)
(0.002375 0.0003 0)
(0.0025 0.0003 0)
(0.002625 0.0003 0)
(0.00275 0.0003 0)
(0.002875 0.0003 0)
(0.003 0.0003 0)
(0.003125 0.0003 0)
(0.00325 0.0003 0)
(0.003375 0.0003 0)
(0.0035 0.0003 0)
(0.003625 0.0003 0)
(0.00375 0.0003 0)
(0.003875 0.0003 0)
(0.004 0.0003 0)
(0.004125 0.0003 0)
(0.00425 0.0003 0)
(0.004375 0.0003 0)
(0.0045 0.0003 0)
(0.004625 0.0003 0)
(0.00475 0.0003 0)
(0.004875 0.0003 0)
(0.005 0.0003 0)
(0.005125 0.0003 0)
(0.00525 0.0003 0)
(0.005375 0.0003 0)
(0.0055 0.0003 0)
(0.005625 0.0003 0)
(0.00575 0.0003 0)
(0.005875 0.0003 0)
(0.006 0.0003 0)
(0.006125 0.0003 0)
(0.00625 0.0003 0)
(0.006375 0.0003 0)
(0.0065 0.0003 0)
(0.006625 0.0003 0)
(0.00675 0.0003 0)
(0.006875 0.0003 0)
(0.007 0.0003 0)
(0.007125 0.0003 0)
(0.00725 0.0003 0)
(0.007375 0.0003 0)
(0.0075 0.0003 0)
(0.007625 0.0003 0)
(0.00775 0.0003 0)
(0.007875 0.0003 0)
(0.008 0.0003 0)
(0.008125 0.0003 0)
(0.00825 0.0003 0)
(0.008375 0.0003 0)
(0.0085 0.0003 0)
(0.008625 0.0003 0)
(0.00875 0.0003 0)
(0.008875 0.0003 0)
(0.009 0.0003 0)
(0.009125 0.0003 0)
(0.00925 0.0003 0)
(0.009375 0.0003 0)
(0.0095 0.0003 0)
(0.009625 0.0003 0)
(0.00975 0.0003 0)
(0.009875 0.0003 0)
(0.01 0.0003 0)
(0.010125 0.0003 0)
(0.01025 0.0003 0)
(0.010375 0.0003 0)
(0.0105 0.0003 0)
(0.010625 0.0003 0)
(0.01075 0.0003 0)
(0.010875 0.0003 0)
(0.011 0.0003 0)
(0.011125 0.0003 0)
(0.01125 0.0003 0)
(0.011375 0.0003 0)
(0.0115 0.0003 0)
(0.011625 0.0003 0)
(0.01175 0.0003 0)
(0.011875 0.0003 0)
(0.012 0.0003 0)
(0.012125 0.0003 0)
(0.01225 0.0003 0)
(0.012375 0.0003 0)
(0.0125 0.0003 0)
(0.012625 0.0003 0)
(0.01275 0.0003 0)
(0.012875 0.0003 0)
(0.013 0.0003 0)
(0.013125 0.0003 0)
(0.01325 0.0003 0)
(0.013375 0.0003 0)
(0.0135 0.0003 0)
(0.013625 0.0003 0)
(0.01375 0.0003 0)
(0.013875 0.0003 0)
(0.014 0.0003 0)
(0.014125 0.0003 0)
(0.01425 0.0003 0)
(0.014375 0.0003 0)
(0.0145 0.0003 0)
(0.014625 0.0003 0)
(0.01475 0.0003 0)
(0.014875 0.0003 0)
(0.015 0.0003 0)
(0 0.00035 0)
(0.000125 0.00035 0)
(0.00025 0.00035 0)
(0.000375 0.00035 0)
(0.0005 0.00035 0)
(0.000625 0.00035 0)
(0.00075 0.00035 0)
(0.000875 0.00035 0)
(0.001 0.00035 0)
(0.001125 0.00035 0)
(0.00125 0.00035 0)
(0.001375 0.00035 0)
(0.0015 0.00035 0)
(0.001625 0.00035 0)
(0.00175 0.00035 0)
(0.001875 0.00035 0)
(0.002 0.00035 0)
(0.002125 0.00035 0)
(0.00225 0.00035 0)
(0.002375 0.00035 0)
(0.0025 0.00035 0)
(0.002625 0.00035 0)
(0.00275 0.00035 0)
(0.002875 0.00035 0)
(0.003 0.00035 0)
(0.003125 0.00035 0)
(0.00325 0.00035 0)
(0.003375 0.00035 0)
(0.0035 0.00035 0)
(0.003625 0.00035 0)
(0.00375 0.00035 0)
(0.003875 0.00035 0)
(0.004 0.00035 0)
(0.004125 0.00035 0)
(0.00425 0.00035 0)
(0.004375 0.00035 0)
(0.0045 0.00035 0)
(0.004625 0.00035 0)
(0.00475 0.00035 0)
(0.004875 0.00035 0)
(0.005 0.00035 0)
(0.005125 0.00035 0)
(0.00525 0.00035 0)
(0.005375 0.00035 0)
(0.0055 0.00035 0)
(0.005625 0.00035 0)
(0.00575 0.00035 0)
(0.005875 0.00035 0)
(0.006 0.00035 0)
(0.006125 0.00035 0)
(0.00625 0.00035 0)
(0.006375 0.00035 0)
(0.0065 0.00035 0)
(0.006625 0.00035 0)
(0.00675 0.00035 0)
(0.006875 0.00035 0)
(0.007 0.00035 0)
(0.007125 0.00035 0)
(0.00725 0.00035 0)
(0.007375 0.00035 0)
(0.0075 0.00035 0)
(0.007625 0.00035 0)
(0.00775 0.00035 0)
(0.007875 0.00035 0)
(0.008 0.00035 0)
(0.008125 0.00035 0)
(0.00825 0.00035 0)
(0.008375 0.00035 0)
(0.0085 0.00035 0)
(0.008625 0.00035 0)
(0.00875 0.00035 0)
(0.008875 0.00035 0)
(0.009 0.00035 0)
(0.009125 0.00035 0)
(0.00925 0.00035 0)
(0.009375 0.00035 0)
(0.0095 0.00035 0)
(0.009625 0.00035 0)
(0.00975 0.00035 0)
(0.009875 0.00035 0)
(0.01 0.00035 0)
(0.010125 0.00035 0)
(0.01025 0.00035 0)
(0.010375 0.00035 0)
(0.0105 0.00035 0)
(0.010625 0.00035 0)
(0.01075 0.00035 0)
(0.010875 0.00035 0)
(0.011 0.00035 0)
(0.011125 0.00035 0)
(0.01125 0.00035 0)
(0.011375 0.00035 0)
(0.0115 0.00035 0)
(0.011625 0.00035 0)
(0.01175 0.00035 0)
(0.011875 0.00035 0)
(0.012 0.00035 0)
(0.012125 0.00035 0)
(0.01225 0.00035 0)
(0.012375 0.00035 0)
(0.0125 0.00035 0)
(0.012625 0.00035 0)
(0.01275 0.00035 0)
(0.012875 0.00035 0)
(0.013 0.00035 0)
(0.013125 0.00035 0)
(0.01325 0.00035 0)
(0.013375 0.00035 0)
(0.0135 0.00035 0)
(0.013625 0.00035 0)
(0.01375 0.00035 0)
(0.013875 0.00035 0)
(0.014 0.00035 0)
(0.014125 0.00035 0)
(0.01425 0.00035 0)
(0.014375 0.00035 0)
(0.0145 0.00035 0)
(0.014625 0.00035 0)
(0.01475 0.00035 0)
(0.014875 0.00035 0)
(0.015 0.00035 0)
(0 0.0004 0)
(0.000125 0.0004 0)
(0.00025 0.0004 0)
(0.000375 0.0004 0)
(0.0005 0.0004 0)
(0.000625 0.0004 0)
(0.00075 0.0004 0)
(0.000875 0.0004 0)
(0.001 0.0004 0)
(0.001125 0.0004 0)
(0.00125 0.0004 0)
(0.001375 0.0004 0)
(0.0015 0.0004 0)
(0.001625 0.0004 0)
(0.00175 0.0004 0)
(0.001875 0.0004 0)
(0.002 0.0004 0)
(0.002125 0.0004 0)
(0.00225 0.0004 0)
(0.002375 0.0004 0)
(0.0025 0.0004 0)
(0.002625 0.0004 0)
(0.00275 0.0004 0)
(0.002875 0.0004 0)
(0.003 0.0004 0)
(0.003125 0.0004 0)
(0.00325 0.0004 0)
(0.003375 0.0004 0)
(0.0035 0.0004 0)
(0.003625 0.0004 0)
(0.00375 0.0004 0)
(0.003875 0.0004 0)
(0.004 0.0004 0)
(0.004125 0.0004 0)
(0.00425 0.0004 0)
(0.004375 0.0004 0)
(0.0045 0.0004 0)
(0.004625 0.0004 0)
(0.00475 0.0004 0)
(0.004875 0.0004 0)
(0.005 0.0004 0)
(0.005125 0.0004 0)
(0.00525 0.0004 0)
(0.005375 0.0004 0)
(0.0055 0.0004 0)
(0.005625 0.0004 0)
(0.00575 0.0004 0)
(0.005875 0.0004 0)
(0.006 0.0004 0)
(0.006125 0.0004 0)
(0.00625 0.0004 0)
(0.006375 0.0004 0)
(0.0065 0.0004 0)
(0.006625 0.0004 0)
(0.00675 0.0004 0)
(0.006875 0.0004 0)
(0.007 0.0004 0)
(0.007125 0.0004 0)
(0.00725 0.0004 0)
(0.007375 0.0004 0)
(0.0075 0.0004 0)
(0.007625 0.0004 0)
(0.00775 0.0004 0)
(0.007875 0.0004 0)
(0.008 0.0004 0)
(0.008125 0.0004 0)
(0.00825 0.0004 0)
(0.008375 0.0004 0)
(0.0085 0.0004 0)
(0.008625 0.0004 0)
(0.00875 0.0004 0)
(0.008875 0.0004 0)
(0.009 0.0004 0)
(0.009125 0.0004 0)
(0.00925 0.0004 0)
(0.009375 0.0004 0)
(0.0095 0.0004 0)
(0.009625 0.0004 0)
(0.00975 0.0004 0)
(0.009875 0.0004 0)
(0.01 0.0004 0)
(0.010125 0.0004 0)
(0.01025 0.0004 0)
(0.010375 0.0004 0)
(0.0105 0.0004 0)
(0.010625 0.0004 0)
(0.01075 0.0004 0)
(0.010875 0.0004 0)
(0.011 0.0004 0)
(0.011125 0.0004 0)
(0.01125 0.0004 0)
(0.011375 0.0004 0)
(0.0115 0.0004 0)
(0.011625 0.0004 0)
(0.01175 0.0004 0)
(0.011875 0.0004 0)
(0.012 0.0004 0)
(0.012125 0.0004 0)
(0.01225 0.0004 0)
(0.012375 0.0004 0)
(0.0125 0.0004 0)
(0.012625 0.0004 0)
(0.01275 0.0004 0)
(0.012875 0.0004 0)
(0.013 0.0004 0)
(0.013125 0.0004 0)
(0.01325 0.0004 0)
(0.013375 0.0004 0)
(0.0135 0.0004 0)
(0.013625 0.0004 0)
(0.01375 0.0004 0)
(0.013875 0.0004 0)
(0.014 0.0004 0)
(0.014125 0.0004 0)
(0.01425 0.0004 0)
(0.014375 0.0004 0)
(0.0145 0.0004 0)
(0.014625 0.0004 0)
(0.01475 0.0004 0)
(0.014875 0.0004 0)
(0.015 0.0004 0)
(0 0.00045 0)
(0.000125 0.00045 0)
(0.00025 0.00045 0)
(0.000375 0.00045 0)
(0.0005 0.00045 0)
(0.000625 0.00045 0)
(0.00075 0.00045 0)
(0.000875 0.00045 0)
(0.001 0.00045 0)
(0.001125 0.00045 0)
(0.00125 0.00045 0)
(0.001375 0.00045 0)
(0.0015 0.00045 0)
(0.001625 0.00045 0)
(0.00175 0.00045 0)
(0.001875 0.00045 0)
(0.002 0.00045 0)
(0.002125 0.00045 0)
(0.00225 0.00045 0)
(0.002375 0.00045 0)
(0.0025 0.00045 0)
(0.002625 0.00045 0)
(0.00275 0.00045 0)
(0.002875 0.00045 0)
(0.003 0.00045 0)
(0.003125 0.00045 0)
(0.00325 0.00045 0)
(0.003375 0.00045 0)
(0.0035 0.00045 0)
(0.003625 0.00045 0)
(0.00375 0.00045 0)
(0.003875 0.00045 0)
(0.004 0.00045 0)
(0.004125 0.00045 0)
(0.00425 0.00045 0)
(0.004375 0.00045 0)
(0.0045 0.00045 0)
(0.004625 0.00045 0)
(0.00475 0.00045 0)
(0.004875 0.00045 0)
(0.005 0.00045 0)
(0.005125 0.00045 0)
(0.00525 0.00045 0)
(0.005375 0.00045 0)
(0.0055 0.00045 0)
(0.005625 0.00045 0)
(0.00575 0.00045 0)
(0.005875 0.00045 0)
(0.006 0.00045 0)
(0.006125 0.00045 0)
(0.00625 0.00045 0)
(0.006375 0.00045 0)
(0.0065 0.00045 0)
(0.006625 0.00045 0)
(0.00675 0.00045 0)
(0.006875 0.00045 0)
(0.007 0.00045 0)
(0.007125 0.00045 0)
(0.00725 0.00045 0)
(0.007375 0.00045 0)
(0.0075 0.00045 0)
(0.007625 0.00045 0)
(0.00775 0.00045 0)
(0.007875 0.00045 0)
(0.008 0.00045 0)
(0.008125 0.00045 0)
(0.00825 0.00045 0)
(0.008375 0.00045 0)
(0.0085 0.00045 0)
(0.008625 0.00045 0)
(0.00875 0.00045 0)
(0.008875 0.00045 0)
(0.009 0.00045 0)
(0.009125 0.00045 0)
(0.00925 0.00045 0)
(0.009375 0.00045 0)
(0.0095 0.00045 0)
(0.009625 0.00045 0)
(0.00975 0.00045 0)
(0.009875 0.00045 0)
(0.01 0.00045 0)
(0.010125 0.00045 0)
(0.01025 0.00045 0)
(0.010375 0.00045 0)
(0.0105 0.00045 0)
(0.010625 0.00045 0)
(0.01075 0.00045 0)
(0.010875 0.00045 0)
(0.011 0.00045 0)
(0.011125 0.00045 0)
(0.01125 0.00045 0)
(0.011375 0.00045 0)
(0.0115 0.00045 0)
(0.011625 0.00045 0)
(0.01175 0.00045 0)
(0.011875 0.00045 0)
(0.012 0.00045 0)
(0.012125 0.00045 0)
(0.01225 0.00045 0)
(0.012375 0.00045 0)
(0.0125 0.00045 0)
(0.012625 0.00045 0)
(0.01275 0.00045 0)
(0.012875 0.00045 0)
(0.013 0.00045 0)
(0.013125 0.00045 0)
(0.01325 0.00045 0)
(0.013375 0.00045 0)
(0.0135 0.00045 0)
(0.013625 0.00045 0)
(0.01375 0.00045 0)
(0.013875 0.00045 0)
(0.014 0.00045 0)
(0.014125 0.00045 0)
(0.01425 0.00045 0)
(0.014375 0.00045 0)
(0.0145 0.00045 0)
(0.014625 0.00045 0)
(0.01475 0.00045 0)
(0.014875 0.00045 0)
(0.015 0.00045 0)
(0 0.0005 0)
(0.000125 0.0005 0)
(0.00025 0.0005 0)
(0.000375 0.0005 0)
(0.0005 0.0005 0)
(0.000625 0.0005 0)
(0.00075 0.0005 0)
(0.000875 0.0005 0)
(0.001 0.0005 0)
(0.001125 0.0005 0)
(0.00125 0.0005 0)
(0.001375 0.0005 0)
(0.0015 0.0005 0)
(0.001625 0.0005 0)
(0.00175 0.0005 0)
(0.001875 0.0005 0)
(0.002 0.0005 0)
(0.002125 0.0005 0)
(0.00225 0.0005 0)
(0.002375 0.0005 0)
(0.0025 0.0005 0)
(0.002625 0.0005 0)
(0.00275 0.0005 0)
(0.002875 0.0005 0)
(0.003 0.0005 0)
(0.003125 0.0005 0)
(0.00325 0.0005 0)
(0.003375 0.0005 0)
(0.0035 0.0005 0)
(0.003625 0.0005 0)
(0.00375 0.0005 0)
(0.003875 0.0005 0)
(0.004 0.0005 0)
(0.004125 0.0005 0)
(0.00425 0.0005 0)
(0.004375 0.0005 0)
(0.0045 0.0005 0)
(0.004625 0.0005 0)
(0.00475 0.0005 0)
(0.004875 0.0005 0)
(0.005 0.0005 0)
(0.005125 0.0005 0)
(0.00525 0.0005 0)
(0.005375 0.0005 0)
(0.0055 0.0005 0)
(0.005625 0.0005 0)
(0.00575 0.0005 0)
(0.005875 0.0005 0)
(0.006 0.0005 0)
(0.006125 0.0005 0)
(0.00625 0.0005 0)
(0.006375 0.0005 0)
(0.0065 0.0005 0)
(0.006625 0.0005 0)
(0.00675 0.0005 0)
(0.006875 0.0005 0)
(0.007 0.0005 0)
(0.007125 0.0005 0)
(0.00725 0.0005 0)
(0.007375 0.0005 0)
(0.0075 0.0005 0)
(0.007625 0.0005 0)
(0.00775 0.0005 0)
(0.007875 0.0005 0)
(0.008 0.0005 0)
(0.008125 0.0005 0)
(0.00825 0.0005 0)
(0.008375 0.0005 0)
(0.0085 0.0005 0)
(0.008625 0.0005 0)
(0.00875 0.0005 0)
(0.008875 0.0005 0)
(0.009 0.0005 0)
(0.009125 0.0005 0)
(0.00925 0.0005 0)
(0.009375 0.0005 0)
(0.0095 0.0005 0)
(0.009625 0.0005 0)
(0.00975 0.0005 0)
(0.009875 0.0005 0)
(0.01 0.0005 0)
(0.010125 0.0005 0)
(0.01025 0.0005 0)
(0.010375 0.0005 0)
(0.0105 0.0005 0)
(0.010625 0.0005 0)
(0.01075 0.0005 0)
(0.010875 0.0005 0)
(0.011 0.0005 0)
(0.011125 0.0005 0)
(0.01125 0.0005 0)
(0.011375 0.0005 0)
(0.0115 0.0005 0)
(0.011625 0.0005 0)
(0.01175 0.0005 0)
(0.011875 0.0005 0)
(0.012 0.0005 0)
(0.012125 0.0005 0)
(0.01225 0.0005 0)
(0.012375 0.0005 0)
(0.0125 0.0005 0)
(0.012625 0.0005 0)
(0.01275 0.0005 0)
(0.012875 0.0005 0)
(0.013 0.0005 0)
(0.013125 0.0005 0)
(0.01325 0.0005 0)
(0.013375 0.0005 0)
(0.0135 0.0005 0)
(0.013625 0.0005 0)
(0.01375 0.0005 0)
(0.013875 0.0005 0)
(0.014 0.0005 0)
(0.014125 0.0005 0)
(0.01425 0.0005 0)
(0.014375 0.0005 0)
(0.0145 0.0005 0)
(0.014625 0.0005 0)
(0.01475 0.0005 0)
(0.014875 0.0005 0)
(0.015 0.0005 0)
(0 0 0.0001)
(0.000125 0 0.0001)
(0.00025 0 0.0001)
(0.000375 0 0.0001)
(0.0005 0 0.0001)
(0.000625 0 0.0001)
(0.00075 0 0.0001)
(0.000875 0 0.0001)
(0.001 0 0.0001)
(0.001125 0 0.0001)
(0.00125 0 0.0001)
(0.001375 0 0.0001)
(0.0015 0 0.0001)
(0.001625 0 0.0001)
(0.00175 0 0.0001)
(0.001875 0 0.0001)
(0.002 0 0.0001)
(0.002125 0 0.0001)
(0.00225 0 0.0001)
(0.002375 0 0.0001)
(0.0025 0 0.0001)
(0.002625 0 0.0001)
(0.00275 0 0.0001)
(0.002875 0 0.0001)
(0.003 0 0.0001)
(0.003125 0 0.0001)
(0.00325 0 0.0001)
(0.003375 0 0.0001)
(0.0035 0 0.0001)
(0.003625 0 0.0001)
(0.00375 0 0.0001)
(0.003875 0 0.0001)
(0.004 0 0.0001)
(0.004125 0 0.0001)
(0.00425 0 0.0001)
(0.004375 0 0.0001)
(0.0045 0 0.0001)
(0.004625 0 0.0001)
(0.00475 0 0.0001)
(0.004875 0 0.0001)
(0.005 0 0.0001)
(0.005125 0 0.0001)
(0.00525 0 0.0001)
(0.005375 0 0.0001)
(0.0055 0 0.0001)
(0.005625 0 0.0001)
(0.00575 0 0.0001)
(0.005875 0 0.0001)
(0.006 0 0.0001)
(0.006125 0 0.0001)
(0.00625 0 0.0001)
(0.006375 0 0.0001)
(0.0065 0 0.0001)
(0.006625 0 0.0001)
(0.00675 0 0.0001)
(0.006875 0 0.0001)
(0.007 0 0.0001)
(0.007125 0 0.0001)
(0.00725 0 0.0001)
(0.007375 0 0.0001)
(0.0075 0 0.0001)
(0.007625 0 0.0001)
(0.00775 0 0.0001)
(0.007875 0 0.0001)
(0.008 0 0.0001)
(0.008125 0 0.0001)
(0.00825 0 0.0001)
(0.008375 0 0.0001)
(0.0085 0 0.0001)
(0.008625 0 0.0001)
(0.00875 0 0.0001)
(0.008875 0 0.0001)
(0.009 0 0.0001)
(0.009125 0 0.0001)
(0.00925 0 0.0001)
(0.009375 0 0.0001)
(0.0095 0 0.0001)
(0.009625 0 0.0001)
(0.00975 0 0.0001)
(0.009875 0 0.0001)
(0.01 0 0.0001)
(0.010125 0 0.0001)
(0.01025 0 0.0001)
(0.010375 0 0.0001)
(0.0105 0 0.0001)
(0.010625 0 0.0001)
(0.01075 0 0.0001)
(0.010875 0 0.0001)
(0.011 0 0.0001)
(0.011125 0 0.0001)
(0.01125 0 0.0001)
(0.011375 0 0.0001)
(0.0115 0 0.0001)
(0.011625 0 0.0001)
(0.01175 0 0.0001)
(0.011875 0 0.0001)
(0.012 0 0.0001)
(0.012125 0 0.0001)
(0.01225 0 0.0001)
(0.012375 0 0.0001)
(0.0125 0 0.0001)
(0.012625 0 0.0001)
(0.01275 0 0.0001)
(0.012875 0 0.0001)
(0.013 0 0.0001)
(0.013125 0 0.0001)
(0.01325 0 0.0001)
(0.013375 0 0.0001)
(0.0135 0 0.0001)
(0.013625 0 0.0001)
(0.01375 0 0.0001)
(0.013875 0 0.0001)
(0.014 0 0.0001)
(0.014125 0 0.0001)
(0.01425 0 0.0001)
(0.014375 0 0.0001)
(0.0145 0 0.0001)
(0.014625 0 0.0001)
(0.01475 0 0.0001)
(0.014875 0 0.0001)
(0.015 0 0.0001)
(0 5e-05 0.0001)
(0.000125 5e-05 0.0001)
(0.00025 5e-05 0.0001)
(0.000375 5e-05 0.0001)
(0.0005 5e-05 0.0001)
(0.000625 5e-05 0.0001)
(0.00075 5e-05 0.0001)
(0.000875 5e-05 0.0001)
(0.001 5e-05 0.0001)
(0.001125 5e-05 0.0001)
(0.00125 5e-05 0.0001)
(0.001375 5e-05 0.0001)
(0.0015 5e-05 0.0001)
(0.001625 5e-05 0.0001)
(0.00175 5e-05 0.0001)
(0.001875 5e-05 0.0001)
(0.002 5e-05 0.0001)
(0.002125 5e-05 0.0001)
(0.00225 5e-05 0.0001)
(0.002375 5e-05 0.0001)
(0.0025 5e-05 0.0001)
(0.002625 5e-05 0.0001)
(0.00275 5e-05 0.0001)
(0.002875 5e-05 0.0001)
(0.003 5e-05 0.0001)
(0.003125 5e-05 0.0001)
(0.00325 5e-05 0.0001)
(0.003375 5e-05 0.0001)
(0.0035 5e-05 0.0001)
(0.003625 5e-05 0.0001)
(0.00375 5e-05 0.0001)
(0.003875 5e-05 0.0001)
(0.004 5e-05 0.0001)
(0.004125 5e-05 0.0001)
(0.00425 5e-05 0.0001)
(0.004375 5e-05 0.0001)
(0.0045 5e-05 0.0001)
(0.004625 5e-05 0.0001)
(0.00475 5e-05 0.0001)
(0.004875 5e-05 0.0001)
(0.005 5e-05 0.0001)
(0.005125 5e-05 0.0001)
(0.00525 5e-05 0.0001)
(0.005375 5e-05 0.0001)
(0.0055 5e-05 0.0001)
(0.005625 5e-05 0.0001)
(0.00575 5e-05 0.0001)
(0.005875 5e-05 0.0001)
(0.006 5e-05 0.0001)
(0.006125 5e-05 0.0001)
(0.00625 5e-05 0.0001)
(0.006375 5e-05 0.0001)
(0.0065 5e-05 0.0001)
(0.006625 5e-05 0.0001)
(0.00675 5e-05 0.0001)
(0.006875 5e-05 0.0001)
(0.007 5e-05 0.0001)
(0.007125 5e-05 0.0001)
(0.00725 5e-05 0.0001)
(0.007375 5e-05 0.0001)
(0.0075 5e-05 0.0001)
(0.007625 5e-05 0.0001)
(0.00775 5e-05 0.0001)
(0.007875 5e-05 0.0001)
(0.008 5e-05 0.0001)
(0.008125 5e-05 0.0001)
(0.00825 5e-05 0.0001)
(0.008375 5e-05 0.0001)
(0.0085 5e-05 0.0001)
(0.008625 5e-05 0.0001)
(0.00875 5e-05 0.0001)
(0.008875 5e-05 0.0001)
(0.009 5e-05 0.0001)
(0.009125 5e-05 0.0001)
(0.00925 5e-05 0.0001)
(0.009375 5e-05 0.0001)
(0.0095 5e-05 0.0001)
(0.009625 5e-05 0.0001)
(0.00975 5e-05 0.0001)
(0.009875 5e-05 0.0001)
(0.01 5e-05 0.0001)
(0.010125 5e-05 0.0001)
(0.01025 5e-05 0.0001)
(0.010375 5e-05 0.0001)
(0.0105 5e-05 0.0001)
(0.010625 5e-05 0.0001)
(0.01075 5e-05 0.0001)
(0.010875 5e-05 0.0001)
(0.011 5e-05 0.0001)
(0.011125 5e-05 0.0001)
(0.01125 5e-05 0.0001)
(0.011375 5e-05 0.0001)
(0.0115 5e-05 0.0001)
(0.011625 5e-05 0.0001)
(0.01175 5e-05 0.0001)
(0.011875 5e-05 0.0001)
(0.012 5e-05 0.0001)
(0.012125 5e-05 0.0001)
(0.01225 5e-05 0.0001)
(0.012375 5e-05 0.0001)
(0.0125 5e-05 0.0001)
(0.012625 5e-05 0.0001)
(0.01275 5e-05 0.0001)
(0.012875 5e-05 0.0001)
(0.013 5e-05 0.0001)
(0.013125 5e-05 0.0001)
(0.01325 5e-05 0.0001)
(0.013375 5e-05 0.0001)
(0.0135 5e-05 0.0001)
(0.013625 5e-05 0.0001)
(0.01375 5e-05 0.0001)
(0.013875 5e-05 0.0001)
(0.014 5e-05 0.0001)
(0.014125 5e-05 0.0001)
(0.01425 5e-05 0.0001)
(0.014375 5e-05 0.0001)
(0.0145 5e-05 0.0001)
(0.014625 5e-05 0.0001)
(0.01475 5e-05 0.0001)
(0.014875 5e-05 0.0001)
(0.015 5e-05 0.0001)
(0 0.0001 0.0001)
(0.000125 0.0001 0.0001)
(0.00025 0.0001 0.0001)
(0.000375 0.0001 0.0001)
(0.0005 0.0001 0.0001)
(0.000625 0.0001 0.0001)
(0.00075 0.0001 0.0001)
(0.000875 0.0001 0.0001)
(0.001 0.0001 0.0001)
(0.001125 0.0001 0.0001)
(0.00125 0.0001 0.0001)
(0.001375 0.0001 0.0001)
(0.0015 0.0001 0.0001)
(0.001625 0.0001 0.0001)
(0.00175 0.0001 0.0001)
(0.001875 0.0001 0.0001)
(0.002 0.0001 0.0001)
(0.002125 0.0001 0.0001)
(0.00225 0.0001 0.0001)
(0.002375 0.0001 0.0001)
(0.0025 0.0001 0.0001)
(0.002625 0.0001 0.0001)
(0.00275 0.0001 0.0001)
(0.002875 0.0001 0.0001)
(0.003 0.0001 0.0001)
(0.003125 0.0001 0.0001)
(0.00325 0.0001 0.0001)
(0.003375 0.0001 0.0001)
(0.0035 0.0001 0.0001)
(0.003625 0.0001 0.0001)
(0.00375 0.0001 0.0001)
(0.003875 0.0001 0.0001)
(0.004 0.0001 0.0001)
(0.004125 0.0001 0.0001)
(0.00425 0.0001 0.0001)
(0.004375 0.0001 0.0001)
(0.0045 0.0001 0.0001)
(0.004625 0.0001 0.0001)
(0.00475 0.0001 0.0001)
(0.004875 0.0001 0.0001)
(0.005 0.0001 0.0001)
(0.005125 0.0001 0.0001)
(0.00525 0.0001 0.0001)
(0.005375 0.0001 0.0001)
(0.0055 0.0001 0.0001)
(0.005625 0.0001 0.0001)
(0.00575 0.0001 0.0001)
(0.005875 0.0001 0.0001)
(0.006 0.0001 0.0001)
(0.006125 0.0001 0.0001)
(0.00625 0.0001 0.0001)
(0.006375 0.0001 0.0001)
(0.0065 0.0001 0.0001)
(0.006625 0.0001 0.0001)
(0.00675 0.0001 0.0001)
(0.006875 0.0001 0.0001)
(0.007 0.0001 0.0001)
(0.007125 0.0001 0.0001)
(0.00725 0.0001 0.0001)
(0.007375 0.0001 0.0001)
(0.0075 0.0001 0.0001)
(0.007625 0.0001 0.0001)
(0.00775 0.0001 0.0001)
(0.007875 0.0001 0.0001)
(0.008 0.0001 0.0001)
(0.008125 0.0001 0.0001)
(0.00825 0.0001 0.0001)
(0.008375 0.0001 0.0001)
(0.0085 0.0001 0.0001)
(0.008625 0.0001 0.0001)
(0.00875 0.0001 0.0001)
(0.008875 0.0001 0.0001)
(0.009 0.0001 0.0001)
(0.009125 0.0001 0.0001)
(0.00925 0.0001 0.0001)
(0.009375 0.0001 0.0001)
(0.0095 0.0001 0.0001)
(0.009625 0.0001 0.0001)
(0.00975 0.0001 0.0001)
(0.009875 0.0001 0.0001)
(0.01 0.0001 0.0001)
(0.010125 0.0001 0.0001)
(0.01025 0.0001 0.0001)
(0.010375 0.0001 0.0001)
(0.0105 0.0001 0.0001)
(0.010625 0.0001 0.0001)
(0.01075 0.0001 0.0001)
(0.010875 0.0001 0.0001)
(0.011 0.0001 0.0001)
(0.011125 0.0001 0.0001)
(0.01125 0.0001 0.0001)
(0.011375 0.0001 0.0001)
(0.0115 0.0001 0.0001)
(0.011625 0.0001 0.0001)
(0.01175 0.0001 0.0001)
(0.011875 0.0001 0.0001)
(0.012 0.0001 0.0001)
(0.012125 0.0001 0.0001)
(0.01225 0.0001 0.0001)
(0.012375 0.0001 0.0001)
(0.0125 0.0001 0.0001)
(0.012625 0.0001 0.0001)
(0.01275 0.0001 0.0001)
(0.012875 0.0001 0.0001)
(0.013 0.0001 0.0001)
(0.013125 0.0001 0.0001)
(0.01325 0.0001 0.0001)
(0.013375 0.0001 0.0001)
(0.0135 0.0001 0.0001)
(0.013625 0.0001 0.0001)
(0.01375 0.0001 0.0001)
(0.013875 0.0001 0.0001)
(0.014 0.0001 0.0001)
(0.014125 0.0001 0.0001)
(0.01425 0.0001 0.0001)
(0.014375 0.0001 0.0001)
(0.0145 0.0001 0.0001)
(0.014625 0.0001 0.0001)
(0.01475 0.0001 0.0001)
(0.014875 0.0001 0.0001)
(0.015 0.0001 0.0001)
(0 0.00015 0.0001)
(0.000125 0.00015 0.0001)
(0.00025 0.00015 0.0001)
(0.000375 0.00015 0.0001)
(0.0005 0.00015 0.0001)
(0.000625 0.00015 0.0001)
(0.00075 0.00015 0.0001)
(0.000875 0.00015 0.0001)
(0.001 0.00015 0.0001)
(0.001125 0.00015 0.0001)
(0.00125 0.00015 0.0001)
(0.001375 0.00015 0.0001)
(0.0015 0.00015 0.0001)
(0.001625 0.00015 0.0001)
(0.00175 0.00015 0.0001)
(0.001875 0.00015 0.0001)
(0.002 0.00015 0.0001)
(0.002125 0.00015 0.0001)
(0.00225 0.00015 0.0001)
(0.002375 0.00015 0.0001)
(0.0025 0.00015 0.0001)
(0.002625 0.00015 0.0001)
(0.00275 0.00015 0.0001)
(0.002875 0.00015 0.0001)
(0.003 0.00015 0.0001)
(0.003125 0.00015 0.0001)
(0.00325 0.00015 0.0001)
(0.003375 0.00015 0.0001)
(0.0035 0.00015 0.0001)
(0.003625 0.00015 0.0001)
(0.00375 0.00015 0.0001)
(0.003875 0.00015 0.0001)
(0.004 0.00015 0.0001)
(0.004125 0.00015 0.0001)
(0.00425 0.00015 0.0001)
(0.004375 0.00015 0.0001)
(0.0045 0.00015 0.0001)
(0.004625 0.00015 0.0001)
(0.00475 0.00015 0.0001)
(0.004875 0.00015 0.0001)
(0.005 0.00015 0.0001)
(0.005125 0.00015 0.0001)
(0.00525 0.00015 0.0001)
(0.005375 0.00015 0.0001)
(0.0055 0.00015 0.0001)
(0.005625 0.00015 0.0001)
(0.00575 0.00015 0.0001)
(0.005875 0.00015 0.0001)
(0.006 0.00015 0.0001)
(0.006125 0.00015 0.0001)
(0.00625 0.00015 0.0001)
(0.006375 0.00015 0.0001)
(0.0065 0.00015 0.0001)
(0.006625 0.00015 0.0001)
(0.00675 0.00015 0.0001)
(0.006875 0.00015 0.0001)
(0.007 0.00015 0.0001)
(0.007125 0.00015 0.0001)
(0.00725 0.00015 0.0001)
(0.007375 0.00015 0.0001)
(0.0075 0.00015 0.0001)
(0.007625 0.00015 0.0001)
(0.00775 0.00015 0.0001)
(0.007875 0.00015 0.0001)
(0.008 0.00015 0.0001)
(0.008125 0.00015 0.0001)
(0.00825 0.00015 0.0001)
(0.008375 0.00015 0.0001)
(0.0085 0.00015 0.0001)
(0.008625 0.00015 0.0001)
(0.00875 0.00015 0.0001)
(0.008875 0.00015 0.0001)
(0.009 0.00015 0.0001)
(0.009125 0.00015 0.0001)
(0.00925 0.00015 0.0001)
(0.009375 0.00015 0.0001)
(0.0095 0.00015 0.0001)
(0.009625 0.00015 0.0001)
(0.00975 0.00015 0.0001)
(0.009875 0.00015 0.0001)
(0.01 0.00015 0.0001)
(0.010125 0.00015 0.0001)
(0.01025 0.00015 0.0001)
(0.010375 0.00015 0.0001)
(0.0105 0.00015 0.0001)
(0.010625 0.00015 0.0001)
(0.01075 0.00015 0.0001)
(0.010875 0.00015 0.0001)
(0.011 0.00015 0.0001)
(0.011125 0.00015 0.0001)
(0.01125 0.00015 0.0001)
(0.011375 0.00015 0.0001)
(0.0115 0.00015 0.0001)
(0.011625 0.00015 0.0001)
(0.01175 0.00015 0.0001)
(0.011875 0.00015 0.0001)
(0.012 0.00015 0.0001)
(0.012125 0.00015 0.0001)
(0.01225 0.00015 0.0001)
(0.012375 0.00015 0.0001)
(0.0125 0.00015 0.0001)
(0.012625 0.00015 0.0001)
(0.01275 0.00015 0.0001)
(0.012875 0.00015 0.0001)
(0.013 0.00015 0.0001)
(0.013125 0.00015 0.0001)
(0.01325 0.00015 0.0001)
(0.013375 0.00015 0.0001)
(0.0135 0.00015 0.0001)
(0.013625 0.00015 0.0001)
(0.01375 0.00015 0.0001)
(0.013875 0.00015 0.0001)
(0.014 0.00015 0.0001)
(0.014125 0.00015 0.0001)
(0.01425 0.00015 0.0001)
(0.014375 0.00015 0.0001)
(0.0145 0.00015 0.0001)
(0.014625 0.00015 0.0001)
(0.01475 0.00015 0.0001)
(0.014875 0.00015 0.0001)
(0.015 0.00015 0.0001)
(0 0.0002 0.0001)
(0.000125 0.0002 0.0001)
(0.00025 0.0002 0.0001)
(0.000375 0.0002 0.0001)
(0.0005 0.0002 0.0001)
(0.000625 0.0002 0.0001)
(0.00075 0.0002 0.0001)
(0.000875 0.0002 0.0001)
(0.001 0.0002 0.0001)
(0.001125 0.0002 0.0001)
(0.00125 0.0002 0.0001)
(0.001375 0.0002 0.0001)
(0.0015 0.0002 0.0001)
(0.001625 0.0002 0.0001)
(0.00175 0.0002 0.0001)
(0.001875 0.0002 0.0001)
(0.002 0.0002 0.0001)
(0.002125 0.0002 0.0001)
(0.00225 0.0002 0.0001)
(0.002375 0.0002 0.0001)
(0.0025 0.0002 0.0001)
(0.002625 0.0002 0.0001)
(0.00275 0.0002 0.0001)
(0.002875 0.0002 0.0001)
(0.003 0.0002 0.0001)
(0.003125 0.0002 0.0001)
(0.00325 0.0002 0.0001)
(0.003375 0.0002 0.0001)
(0.0035 0.0002 0.0001)
(0.003625 0.0002 0.0001)
(0.00375 0.0002 0.0001)
(0.003875 0.0002 0.0001)
(0.004 0.0002 0.0001)
(0.004125 0.0002 0.0001)
(0.00425 0.0002 0.0001)
(0.004375 0.0002 0.0001)
(0.0045 0.0002 0.0001)
(0.004625 0.0002 0.0001)
(0.00475 0.0002 0.0001)
(0.004875 0.0002 0.0001)
(0.005 0.0002 0.0001)
(0.005125 0.0002 0.0001)
(0.00525 0.0002 0.0001)
(0.005375 0.0002 0.0001)
(0.0055 0.0002 0.0001)
(0.005625 0.0002 0.0001)
(0.00575 0.0002 0.0001)
(0.005875 0.0002 0.0001)
(0.006 0.0002 0.0001)
(0.006125 0.0002 0.0001)
(0.00625 0.0002 0.0001)
(0.006375 0.0002 0.0001)
(0.0065 0.0002 0.0001)
(0.006625 0.0002 0.0001)
(0.00675 0.0002 0.0001)
(0.006875 0.0002 0.0001)
(0.007 0.0002 0.0001)
(0.007125 0.0002 0.0001)
(0.00725 0.0002 0.0001)
(0.007375 0.0002 0.0001)
(0.0075 0.0002 0.0001)
(0.007625 0.0002 0.0001)
(0.00775 0.0002 0.0001)
(0.007875 0.0002 0.0001)
(0.008 0.0002 0.0001)
(0.008125 0.0002 0.0001)
(0.00825 0.0002 0.0001)
(0.008375 0.0002 0.0001)
(0.0085 0.0002 0.0001)
(0.008625 0.0002 0.0001)
(0.00875 0.0002 0.0001)
(0.008875 0.0002 0.0001)
(0.009 0.0002 0.0001)
(0.009125 0.0002 0.0001)
(0.00925 0.0002 0.0001)
(0.009375 0.0002 0.0001)
(0.0095 0.0002 0.0001)
(0.009625 0.0002 0.0001)
(0.00975 0.0002 0.0001)
(0.009875 0.0002 0.0001)
(0.01 0.0002 0.0001)
(0.010125 0.0002 0.0001)
(0.01025 0.0002 0.0001)
(0.010375 0.0002 0.0001)
(0.0105 0.0002 0.0001)
(0.010625 0.0002 0.0001)
(0.01075 0.0002 0.0001)
(0.010875 0.0002 0.0001)
(0.011 0.0002 0.0001)
(0.011125 0.0002 0.0001)
(0.01125 0.0002 0.0001)
(0.011375 0.0002 0.0001)
(0.0115 0.0002 0.0001)
(0.011625 0.0002 0.0001)
(0.01175 0.0002 0.0001)
(0.011875 0.0002 0.0001)
(0.012 0.0002 0.0001)
(0.012125 0.0002 0.0001)
(0.01225 0.0002 0.0001)
(0.012375 0.0002 0.0001)
(0.0125 0.0002 0.0001)
(0.012625 0.0002 0.0001)
(0.01275 0.0002 0.0001)
(0.012875 0.0002 0.0001)
(0.013 0.0002 0.0001)
(0.013125 0.0002 0.0001)
(0.01325 0.0002 0.0001)
(0.013375 0.0002 0.0001)
(0.0135 0.0002 0.0001)
(0.013625 0.0002 0.0001)
(0.01375 0.0002 0.0001)
(0.013875 0.0002 0.0001)
(0.014 0.0002 0.0001)
(0.014125 0.0002 0.0001)
(0.01425 0.0002 0.0001)
(0.014375 0.0002 0.0001)
(0.0145 0.0002 0.0001)
(0.014625 0.0002 0.0001)
(0.01475 0.0002 0.0001)
(0.014875 0.0002 0.0001)
(0.015 0.0002 0.0001)
(0 0.00025 0.0001)
(0.000125 0.00025 0.0001)
(0.00025 0.00025 0.0001)
(0.000375 0.00025 0.0001)
(0.0005 0.00025 0.0001)
(0.000625 0.00025 0.0001)
(0.00075 0.00025 0.0001)
(0.000875 0.00025 0.0001)
(0.001 0.00025 0.0001)
(0.001125 0.00025 0.0001)
(0.00125 0.00025 0.0001)
(0.001375 0.00025 0.0001)
(0.0015 0.00025 0.0001)
(0.001625 0.00025 0.0001)
(0.00175 0.00025 0.0001)
(0.001875 0.00025 0.0001)
(0.002 0.00025 0.0001)
(0.002125 0.00025 0.0001)
(0.00225 0.00025 0.0001)
(0.002375 0.00025 0.0001)
(0.0025 0.00025 0.0001)
(0.002625 0.00025 0.0001)
(0.00275 0.00025 0.0001)
(0.002875 0.00025 0.0001)
(0.003 0.00025 0.0001)
(0.003125 0.00025 0.0001)
(0.00325 0.00025 0.0001)
(0.003375 0.00025 0.0001)
(0.0035 0.00025 0.0001)
(0.003625 0.00025 0.0001)
(0.00375 0.00025 0.0001)
(0.003875 0.00025 0.0001)
(0.004 0.00025 0.0001)
(0.004125 0.00025 0.0001)
(0.00425 0.00025 0.0001)
(0.004375 0.00025 0.0001)
(0.0045 0.00025 0.0001)
(0.004625 0.00025 0.0001)
(0.00475 0.00025 0.0001)
(0.004875 0.00025 0.0001)
(0.005 0.00025 0.0001)
(0.005125 0.00025 0.0001)
(0.00525 0.00025 0.0001)
(0.005375 0.00025 0.0001)
(0.0055 0.00025 0.0001)
(0.005625 0.00025 0.0001)
(0.00575 0.00025 0.0001)
(0.005875 0.00025 0.0001)
(0.006 0.00025 0.0001)
(0.006125 0.00025 0.0001)
(0.00625 0.00025 0.0001)
(0.006375 0.00025 0.0001)
(0.0065 0.00025 0.0001)
(0.006625 0.00025 0.0001)
(0.00675 0.00025 0.0001)
(0.006875 0.00025 0.0001)
(0.007 0.00025 0.0001)
(0.007125 0.00025 0.0001)
(0.00725 0.00025 0.0001)
(0.007375 0.00025 0.0001)
(0.0075 0.00025 0.0001)
(0.007625 0.00025 0.0001)
(0.00775 0.00025 0.0001)
(0.007875 0.00025 0.0001)
(0.008 0.00025 0.0001)
(0.008125 0.00025 0.0001)
(0.00825 0.00025 0.0001)
(0.008375 0.00025 0.0001)
(0.0085 0.00025 0.0001)
(0.008625 0.00025 0.0001)
(0.00875 0.00025 0.0001)
(0.008875 0.00025 0.0001)
(0.009 0.00025 0.0001)
(0.009125 0.00025 0.0001)
(0.00925 0.00025 0.0001)
(0.009375 0.00025 0.0001)
(0.0095 0.00025 0.0001)
(0.009625 0.00025 0.0001)
(0.00975 0.00025 0.0001)
(0.009875 0.00025 0.0001)
(0.01 0.00025 0.0001)
(0.010125 0.00025 0.0001)
(0.01025 0.00025 0.0001)
(0.010375 0.00025 0.0001)
(0.0105 0.00025 0.0001)
(0.010625 0.00025 0.0001)
(0.01075 0.00025 0.0001)
(0.010875 0.00025 0.0001)
(0.011 0.00025 0.0001)
(0.011125 0.00025 0.0001)
(0.01125 0.00025 0.0001)
(0.011375 0.00025 0.0001)
(0.0115 0.00025 0.0001)
(0.011625 0.00025 0.0001)
(0.01175 0.00025 0.0001)
(0.011875 0.00025 0.0001)
(0.012 0.00025 0.0001)
(0.012125 0.00025 0.0001)
(0.01225 0.00025 0.0001)
(0.012375 0.00025 0.0001)
(0.0125 0.00025 0.0001)
(0.012625 0.00025 0.0001)
(0.01275 0.00025 0.0001)
(0.012875 0.00025 0.0001)
(0.013 0.00025 0.0001)
(0.013125 0.00025 0.0001)
(0.01325 0.00025 0.0001)
(0.013375 0.00025 0.0001)
(0.0135 0.00025 0.0001)
(0.013625 0.00025 0.0001)
(0.01375 0.00025 0.0001)
(0.013875 0.00025 0.0001)
(0.014 0.00025 0.0001)
(0.014125 0.00025 0.0001)
(0.01425 0.00025 0.0001)
(0.014375 0.00025 0.0001)
(0.0145 0.00025 0.0001)
(0.014625 0.00025 0.0001)
(0.01475 0.00025 0.0001)
(0.014875 0.00025 0.0001)
(0.015 0.00025 0.0001)
(0 0.0003 0.0001)
(0.000125 0.0003 0.0001)
(0.00025 0.0003 0.0001)
(0.000375 0.0003 0.0001)
(0.0005 0.0003 0.0001)
(0.000625 0.0003 0.0001)
(0.00075 0.0003 0.0001)
(0.000875 0.0003 0.0001)
(0.001 0.0003 0.0001)
(0.001125 0.0003 0.0001)
(0.00125 0.0003 0.0001)
(0.001375 0.0003 0.0001)
(0.0015 0.0003 0.0001)
(0.001625 0.0003 0.0001)
(0.00175 0.0003 0.0001)
(0.001875 0.0003 0.0001)
(0.002 0.0003 0.0001)
(0.002125 0.0003 0.0001)
(0.00225 0.0003 0.0001)
(0.002375 0.0003 0.0001)
(0.0025 0.0003 0.0001)
(0.002625 0.0003 0.0001)
(0.00275 0.0003 0.0001)
(0.002875 0.0003 0.0001)
(0.003 0.0003 0.0001)
(0.003125 0.0003 0.0001)
(0.00325 0.0003 0.0001)
(0.003375 0.0003 0.0001)
(0.0035 0.0003 0.0001)
(0.003625 0.0003 0.0001)
(0.00375 0.0003 0.0001)
(0.003875 0.0003 0.0001)
(0.004 0.0003 0.0001)
(0.004125 0.0003 0.0001)
(0.00425 0.0003 0.0001)
(0.004375 0.0003 0.0001)
(0.0045 0.0003 0.0001)
(0.004625 0.0003 0.0001)
(0.00475 0.0003 0.0001)
(0.004875 0.0003 0.0001)
(0.005 0.0003 0.0001)
(0.005125 0.0003 0.0001)
(0.00525 0.0003 0.0001)
(0.005375 0.0003 0.0001)
(0.0055 0.0003 0.0001)
(0.005625 0.0003 0.0001)
(0.00575 0.0003 0.0001)
(0.005875 0.0003 0.0001)
(0.006 0.0003 0.0001)
(0.006125 0.0003 0.0001)
(0.00625 0.0003 0.0001)
(0.006375 0.0003 0.0001)
(0.0065 0.0003 0.0001)
(0.006625 0.0003 0.0001)
(0.00675 0.0003 0.0001)
(0.006875 0.0003 0.0001)
(0.007 0.0003 0.0001)
(0.007125 0.0003 0.0001)
(0.00725 0.0003 0.0001)
(0.007375 0.0003 0.0001)
(0.0075 0.0003 0.0001)
(0.007625 0.0003 0.0001)
(0.00775 0.0003 0.0001)
(0.007875 0.0003 0.0001)
(0.008 0.0003 0.0001)
(0.008125 0.0003 0.0001)
(0.00825 0.0003 0.0001)
(0.008375 0.0003 0.0001)
(0.0085 0.0003 0.0001)
(0.008625 0.0003 0.0001)
(0.00875 0.0003 0.0001)
(0.008875 0.0003 0.0001)
(0.009 0.0003 0.0001)
(0.009125 0.0003 0.0001)
(0.00925 0.0003 0.0001)
(0.009375 0.0003 0.0001)
(0.0095 0.0003 0.0001)
(0.009625 0.0003 0.0001)
(0.00975 0.0003 0.0001)
(0.009875 0.0003 0.0001)
(0.01 0.0003 0.0001)
(0.010125 0.0003 0.0001)
(0.01025 0.0003 0.0001)
(0.010375 0.0003 0.0001)
(0.0105 0.0003 0.0001)
(0.010625 0.0003 0.0001)
(0.01075 0.0003 0.0001)
(0.010875 0.0003 0.0001)
(0.011 0.0003 0.0001)
(0.011125 0.0003 0.0001)
(0.01125 0.0003 0.0001)
(0.011375 0.0003 0.0001)
(0.0115 0.0003 0.0001)
(0.011625 0.0003 0.0001)
(0.01175 0.0003 0.0001)
(0.011875 0.0003 0.0001)
(0.012 0.0003 0.0001)
(0.012125 0.0003 0.0001)
(0.01225 0.0003 0.0001)
(0.012375 0.0003 0.0001)
(0.0125 0.0003 0.0001)
(0.012625 0.0003 0.0001)
(0.01275 0.0003 0.0001)
(0.012875 0.0003 0.0001)
(0.013 0.0003 0.0001)
(0.013125 0.0003 0.0001)
(0.01325 0.0003 0.0001)
(0.013375 0.0003 0.0001)
(0.0135 0.0003 0.0001)
(0.013625 0.0003 0.0001)
(0.01375 0.0003 0.0001)
(0.013875 0.0003 0.0001)
(0.014 0.0003 0.0001)
(0.014125 0.0003 0.0001)
(0.01425 0.0003 0.0001)
(0.014375 0.0003 0.0001)
(0.0145 0.0003 0.0001)
(0.014625 0.0003 0.0001)
(0.01475 0.0003 0.0001)
(0.014875 0.0003 0.0001)
(0.015 0.0003 0.0001)
(0 0.00035 0.0001)
(0.000125 0.00035 0.0001)
(0.00025 0.00035 0.0001)
(0.000375 0.00035 0.0001)
(0.0005 0.00035 0.0001)
(0.000625 0.00035 0.0001)
(0.00075 0.00035 0.0001)
(0.000875 0.00035 0.0001)
(0.001 0.00035 0.0001)
(0.001125 0.00035 0.0001)
(0.00125 0.00035 0.0001)
(0.001375 0.00035 0.0001)
(0.0015 0.00035 0.0001)
(0.001625 0.00035 0.0001)
(0.00175 0.00035 0.0001)
(0.001875 0.00035 0.0001)
(0.002 0.00035 0.0001)
(0.002125 0.00035 0.0001)
(0.00225 0.00035 0.0001)
(0.002375 0.00035 0.0001)
(0.0025 0.00035 0.0001)
(0.002625 0.00035 0.0001)
(0.00275 0.00035 0.0001)
(0.002875 0.00035 0.0001)
(0.003 0.00035 0.0001)
(0.003125 0.00035 0.0001)
(0.00325 0.00035 0.0001)
(0.003375 0.00035 0.0001)
(0.0035 0.00035 0.0001)
(0.003625 0.00035 0.0001)
(0.00375 0.00035 0.0001)
(0.003875 0.00035 0.0001)
(0.004 0.00035 0.0001)
(0.004125 0.00035 0.0001)
(0.00425 0.00035 0.0001)
(0.004375 0.00035 0.0001)
(0.0045 0.00035 0.0001)
(0.004625 0.00035 0.0001)
(0.00475 0.00035 0.0001)
(0.004875 0.00035 0.0001)
(0.005 0.00035 0.0001)
(0.005125 0.00035 0.0001)
(0.00525 0.00035 0.0001)
(0.005375 0.00035 0.0001)
(0.0055 0.00035 0.0001)
(0.005625 0.00035 0.0001)
(0.00575 0.00035 0.0001)
(0.005875 0.00035 0.0001)
(0.006 0.00035 0.0001)
(0.006125 0.00035 0.0001)
(0.00625 0.00035 0.0001)
(0.006375 0.00035 0.0001)
(0.0065 0.00035 0.0001)
(0.006625 0.00035 0.0001)
(0.00675 0.00035 0.0001)
(0.006875 0.00035 0.0001)
(0.007 0.00035 0.0001)
(0.007125 0.00035 0.0001)
(0.00725 0.00035 0.0001)
(0.007375 0.00035 0.0001)
(0.0075 0.00035 0.0001)
(0.007625 0.00035 0.0001)
(0.00775 0.00035 0.0001)
(0.007875 0.00035 0.0001)
(0.008 0.00035 0.0001)
(0.008125 0.00035 0.0001)
(0.00825 0.00035 0.0001)
(0.008375 0.00035 0.0001)
(0.0085 0.00035 0.0001)
(0.008625 0.00035 0.0001)
(0.00875 0.00035 0.0001)
(0.008875 0.00035 0.0001)
(0.009 0.00035 0.0001)
(0.009125 0.00035 0.0001)
(0.00925 0.00035 0.0001)
(0.009375 0.00035 0.0001)
(0.0095 0.00035 0.0001)
(0.009625 0.00035 0.0001)
(0.00975 0.00035 0.0001)
(0.009875 0.00035 0.0001)
(0.01 0.00035 0.0001)
(0.010125 0.00035 0.0001)
(0.01025 0.00035 0.0001)
(0.010375 0.00035 0.0001)
(0.0105 0.00035 0.0001)
(0.010625 0.00035 0.0001)
(0.01075 0.00035 0.0001)
(0.010875 0.00035 0.0001)
(0.011 0.00035 0.0001)
(0.011125 0.00035 0.0001)
(0.01125 0.00035 0.0001)
(0.011375 0.00035 0.0001)
(0.0115 0.00035 0.0001)
(0.011625 0.00035 0.0001)
(0.01175 0.00035 0.0001)
(0.011875 0.00035 0.0001)
(0.012 0.00035 0.0001)
(0.012125 0.00035 0.0001)
(0.01225 0.00035 0.0001)
(0.012375 0.00035 0.0001)
(0.0125 0.00035 0.0001)
(0.012625 0.00035 0.0001)
(0.01275 0.00035 0.0001)
(0.012875 0.00035 0.0001)
(0.013 0.00035 0.0001)
(0.013125 0.00035 0.0001)
(0.01325 0.00035 0.0001)
(0.013375 0.00035 0.0001)
(0.0135 0.00035 0.0001)
(0.013625 0.00035 0.0001)
(0.01375 0.00035 0.0001)
(0.013875 0.00035 0.0001)
(0.014 0.00035 0.0001)
(0.014125 0.00035 0.0001)
(0.01425 0.00035 0.0001)
(0.014375 0.00035 0.0001)
(0.0145 0.00035 0.0001)
(0.014625 0.00035 0.0001)
(0.01475 0.00035 0.0001)
(0.014875 0.00035 0.0001)
(0.015 0.00035 0.0001)
(0 0.0004 0.0001)
(0.000125 0.0004 0.0001)
(0.00025 0.0004 0.0001)
(0.000375 0.0004 0.0001)
(0.0005 0.0004 0.0001)
(0.000625 0.0004 0.0001)
(0.00075 0.0004 0.0001)
(0.000875 0.0004 0.0001)
(0.001 0.0004 0.0001)
(0.001125 0.0004 0.0001)
(0.00125 0.0004 0.0001)
(0.001375 0.0004 0.0001)
(0.0015 0.0004 0.0001)
(0.001625 0.0004 0.0001)
(0.00175 0.0004 0.0001)
(0.001875 0.0004 0.0001)
(0.002 0.0004 0.0001)
(0.002125 0.0004 0.0001)
(0.00225 0.0004 0.0001)
(0.002375 0.0004 0.0001)
(0.0025 0.0004 0.0001)
(0.002625 0.0004 0.0001)
(0.00275 0.0004 0.0001)
(0.002875 0.0004 0.0001)
(0.003 0.0004 0.0001)
(0.003125 0.0004 0.0001)
(0.00325 0.0004 0.0001)
(0.003375 0.0004 0.0001)
(0.0035 0.0004 0.0001)
(0.003625 0.0004 0.0001)
(0.00375 0.0004 0.0001)
(0.003875 0.0004 0.0001)
(0.004 0.0004 0.0001)
(0.004125 0.0004 0.0001)
(0.00425 0.0004 0.0001)
(0.004375 0.0004 0.0001)
(0.0045 0.0004 0.0001)
(0.004625 0.0004 0.0001)
(0.00475 0.0004 0.0001)
(0.004875 0.0004 0.0001)
(0.005 0.0004 0.0001)
(0.005125 0.0004 0.0001)
(0.00525 0.0004 0.0001)
(0.005375 0.0004 0.0001)
(0.0055 0.0004 0.0001)
(0.005625 0.0004 0.0001)
(0.00575 0.0004 0.0001)
(0.005875 0.0004 0.0001)
(0.006 0.0004 0.0001)
(0.006125 0.0004 0.0001)
(0.00625 0.0004 0.0001)
(0.006375 0.0004 0.0001)
(0.0065 0.0004 0.0001)
(0.006625 0.0004 0.0001)
(0.00675 0.0004 0.0001)
(0.006875 0.0004 0.0001)
(0.007 0.0004 0.0001)
(0.007125 0.0004 0.0001)
(0.00725 0.0004 0.0001)
(0.007375 0.0004 0.0001)
(0.0075 0.0004 0.0001)
(0.007625 0.0004 0.0001)
(0.00775 0.0004 0.0001)
(0.007875 0.0004 0.0001)
(0.008 0.0004 0.0001)
(0.008125 0.0004 0.0001)
(0.00825 0.0004 0.0001)
(0.008375 0.0004 0.0001)
(0.0085 0.0004 0.0001)
(0.008625 0.0004 0.0001)
(0.00875 0.0004 0.0001)
(0.008875 0.0004 0.0001)
(0.009 0.0004 0.0001)
(0.009125 0.0004 0.0001)
(0.00925 0.0004 0.0001)
(0.009375 0.0004 0.0001)
(0.0095 0.0004 0.0001)
(0.009625 0.0004 0.0001)
(0.00975 0.0004 0.0001)
(0.009875 0.0004 0.0001)
(0.01 0.0004 0.0001)
(0.010125 0.0004 0.0001)
(0.01025 0.0004 0.0001)
(0.010375 0.0004 0.0001)
(0.0105 0.0004 0.0001)
(0.010625 0.0004 0.0001)
(0.01075 0.0004 0.0001)
(0.010875 0.0004 0.0001)
(0.011 0.0004 0.0001)
(0.011125 0.0004 0.0001)
(0.01125 0.0004 0.0001)
(0.011375 0.0004 0.0001)
(0.0115 0.0004 0.0001)
(0.011625 0.0004 0.0001)
(0.01175 0.0004 0.0001)
(0.011875 0.0004 0.0001)
(0.012 0.0004 0.0001)
(0.012125 0.0004 0.0001)
(0.01225 0.0004 0.0001)
(0.012375 0.0004 0.0001)
(0.0125 0.0004 0.0001)
(0.012625 0.0004 0.0001)
(0.01275 0.0004 0.0001)
(0.012875 0.0004 0.0001)
(0.013 0.0004 0.0001)
(0.013125 0.0004 0.0001)
(0.01325 0.0004 0.0001)
(0.013375 0.0004 0.0001)
(0.0135 0.0004 0.0001)
(0.013625 0.0004 0.0001)
(0.01375 0.0004 0.0001)
(0.013875 0.0004 0.0001)
(0.014 0.0004 0.0001)
(0.014125 0.0004 0.0001)
(0.01425 0.0004 0.0001)
(0.014375 0.0004 0.0001)
(0.0145 0.0004 0.0001)
(0.014625 0.0004 0.0001)
(0.01475 0.0004 0.0001)
(0.014875 0.0004 0.0001)
(0.015 0.0004 0.0001)
(0 0.00045 0.0001)
(0.000125 0.00045 0.0001)
(0.00025 0.00045 0.0001)
(0.000375 0.00045 0.0001)
(0.0005 0.00045 0.0001)
(0.000625 0.00045 0.0001)
(0.00075 0.00045 0.0001)
(0.000875 0.00045 0.0001)
(0.001 0.00045 0.0001)
(0.001125 0.00045 0.0001)
(0.00125 0.00045 0.0001)
(0.001375 0.00045 0.0001)
(0.0015 0.00045 0.0001)
(0.001625 0.00045 0.0001)
(0.00175 0.00045 0.0001)
(0.001875 0.00045 0.0001)
(0.002 0.00045 0.0001)
(0.002125 0.00045 0.0001)
(0.00225 0.00045 0.0001)
(0.002375 0.00045 0.0001)
(0.0025 0.00045 0.0001)
(0.002625 0.00045 0.0001)
(0.00275 0.00045 0.0001)
(0.002875 0.00045 0.0001)
(0.003 0.00045 0.0001)
(0.003125 0.00045 0.0001)
(0.00325 0.00045 0.0001)
(0.003375 0.00045 0.0001)
(0.0035 0.00045 0.0001)
(0.003625 0.00045 0.0001)
(0.00375 0.00045 0.0001)
(0.003875 0.00045 0.0001)
(0.004 0.00045 0.0001)
(0.004125 0.00045 0.0001)
(0.00425 0.00045 0.0001)
(0.004375 0.00045 0.0001)
(0.0045 0.00045 0.0001)
(0.004625 0.00045 0.0001)
(0.00475 0.00045 0.0001)
(0.004875 0.00045 0.0001)
(0.005 0.00045 0.0001)
(0.005125 0.00045 0.0001)
(0.00525 0.00045 0.0001)
(0.005375 0.00045 0.0001)
(0.0055 0.00045 0.0001)
(0.005625 0.00045 0.0001)
(0.00575 0.00045 0.0001)
(0.005875 0.00045 0.0001)
(0.006 0.00045 0.0001)
(0.006125 0.00045 0.0001)
(0.00625 0.00045 0.0001)
(0.006375 0.00045 0.0001)
(0.0065 0.00045 0.0001)
(0.006625 0.00045 0.0001)
(0.00675 0.00045 0.0001)
(0.006875 0.00045 0.0001)
(0.007 0.00045 0.0001)
(0.007125 0.00045 0.0001)
(0.00725 0.00045 0.0001)
(0.007375 0.00045 0.0001)
(0.0075 0.00045 0.0001)
(0.007625 0.00045 0.0001)
(0.00775 0.00045 0.0001)
(0.007875 0.00045 0.0001)
(0.008 0.00045 0.0001)
(0.008125 0.00045 0.0001)
(0.00825 0.00045 0.0001)
(0.008375 0.00045 0.0001)
(0.0085 0.00045 0.0001)
(0.008625 0.00045 0.0001)
(0.00875 0.00045 0.0001)
(0.008875 0.00045 0.0001)
(0.009 0.00045 0.0001)
(0.009125 0.00045 0.0001)
(0.00925 0.00045 0.0001)
(0.009375 0.00045 0.0001)
(0.0095 0.00045 0.0001)
(0.009625 0.00045 0.0001)
(0.00975 0.00045 0.0001)
(0.009875 0.00045 0.0001)
(0.01 0.00045 0.0001)
(0.010125 0.00045 0.0001)
(0.01025 0.00045 0.0001)
(0.010375 0.00045 0.0001)
(0.0105 0.00045 0.0001)
(0.010625 0.00045 0.0001)
(0.01075 0.00045 0.0001)
(0.010875 0.00045 0.0001)
(0.011 0.00045 0.0001)
(0.011125 0.00045 0.0001)
(0.01125 0.00045 0.0001)
(0.011375 0.00045 0.0001)
(0.0115 0.00045 0.0001)
(0.011625 0.00045 0.0001)
(0.01175 0.00045 0.0001)
(0.011875 0.00045 0.0001)
(0.012 0.00045 0.0001)
(0.012125 0.00045 0.0001)
(0.01225 0.00045 0.0001)
(0.012375 0.00045 0.0001)
(0.0125 0.00045 0.0001)
(0.012625 0.00045 0.0001)
(0.01275 0.00045 0.0001)
(0.012875 0.00045 0.0001)
(0.013 0.00045 0.0001)
(0.013125 0.00045 0.0001)
(0.01325 0.00045 0.0001)
(0.013375 0.00045 0.0001)
(0.0135 0.00045 0.0001)
(0.013625 0.00045 0.0001)
(0.01375 0.00045 0.0001)
(0.013875 0.00045 0.0001)
(0.014 0.00045 0.0001)
(0.014125 0.00045 0.0001)
(0.01425 0.00045 0.0001)
(0.014375 0.00045 0.0001)
(0.0145 0.00045 0.0001)
(0.014625 0.00045 0.0001)
(0.01475 0.00045 0.0001)
(0.014875 0.00045 0.0001)
(0.015 0.00045 0.0001)
(0 0.0005 0.0001)
(0.000125 0.0005 0.0001)
(0.00025 0.0005 0.0001)
(0.000375 0.0005 0.0001)
(0.0005 0.0005 0.0001)
(0.000625 0.0005 0.0001)
(0.00075 0.0005 0.0001)
(0.000875 0.0005 0.0001)
(0.001 0.0005 0.0001)
(0.001125 0.0005 0.0001)
(0.00125 0.0005 0.0001)
(0.001375 0.0005 0.0001)
(0.0015 0.0005 0.0001)
(0.001625 0.0005 0.0001)
(0.00175 0.0005 0.0001)
(0.001875 0.0005 0.0001)
(0.002 0.0005 0.0001)
(0.002125 0.0005 0.0001)
(0.00225 0.0005 0.0001)
(0.002375 0.0005 0.0001)
(0.0025 0.0005 0.0001)
(0.002625 0.0005 0.0001)
(0.00275 0.0005 0.0001)
(0.002875 0.0005 0.0001)
(0.003 0.0005 0.0001)
(0.003125 0.0005 0.0001)
(0.00325 0.0005 0.0001)
(0.003375 0.0005 0.0001)
(0.0035 0.0005 0.0001)
(0.003625 0.0005 0.0001)
(0.00375 0.0005 0.0001)
(0.003875 0.0005 0.0001)
(0.004 0.0005 0.0001)
(0.004125 0.0005 0.0001)
(0.00425 0.0005 0.0001)
(0.004375 0.0005 0.0001)
(0.0045 0.0005 0.0001)
(0.004625 0.0005 0.0001)
(0.00475 0.0005 0.0001)
(0.004875 0.0005 0.0001)
(0.005 0.0005 0.0001)
(0.005125 0.0005 0.0001)
(0.00525 0.0005 0.0001)
(0.005375 0.0005 0.0001)
(0.0055 0.0005 0.0001)
(0.005625 0.0005 0.0001)
(0.00575 0.0005 0.0001)
(0.005875 0.0005 0.0001)
(0.006 0.0005 0.0001)
(0.006125 0.0005 0.0001)
(0.00625 0.0005 0.0001)
(0.006375 0.0005 0.0001)
(0.0065 0.0005 0.0001)
(0.006625 0.0005 0.0001)
(0.00675 0.0005 0.0001)
(0.006875 0.0005 0.0001)
(0.007 0.0005 0.0001)
(0.007125 0.0005 0.0001)
(0.00725 0.0005 0.0001)
(0.007375 0.0005 0.0001)
(0.0075 0.0005 0.0001)
(0.007625 0.0005 0.0001)
(0.00775 0.0005 0.0001)
(0.007875 0.0005 0.0001)
(0.008 0.0005 0.0001)
(0.008125 0.0005 0.0001)
(0.00825 0.0005 0.0001)
(0.008375 0.0005 0.0001)
(0.0085 0.0005 0.0001)
(0.008625 0.0005 0.0001)
(0.00875 0.0005 0.0001)
(0.008875 0.0005 0.0001)
(0.009 0.0005 0.0001)
(0.009125 0.0005 0.0001)
(0.00925 0.0005 0.0001)
(0.009375 0.0005 0.0001)
(0.0095 0.0005 0.0001)
(0.009625 0.0005 0.0001)
(0.00975 0.0005 0.0001)
(0.009875 0.0005 0.0001)
(0.01 0.0005 0.0001)
(0.010125 0.0005 0.0001)
(0.01025 0.0005 0.0001)
(0.010375 0.0005 0.0001)
(0.0105 0.0005 0.0001)
(0.010625 0.0005 0.0001)
(0.01075 0.0005 0.0001)
(0.010875 0.0005 0.0001)
(0.011 0.0005 0.0001)
(0.011125 0.0005 0.0001)
(0.01125 0.0005 0.0001)
(0.011375 0.0005 0.0001)
(0.0115 0.0005 0.0001)
(0.011625 0.0005 0.0001)
(0.01175 0.0005 0.0001)
(0.011875 0.0005 0.0001)
(0.012 0.0005 0.0001)
(0.012125 0.0005 0.0001)
(0.01225 0.0005 0.0001)
(0.012375 0.0005 0.0001)
(0.0125 0.0005 0.0001)
(0.012625 0.0005 0.0001)
(0.01275 0.0005 0.0001)
(0.012875 0.0005 0.0001)
(0.013 0.0005 0.0001)
(0.013125 0.0005 0.0001)
(0.01325 0.0005 0.0001)
(0.013375 0.0005 0.0001)
(0.0135 0.0005 0.0001)
(0.013625 0.0005 0.0001)
(0.01375 0.0005 0.0001)
(0.013875 0.0005 0.0001)
(0.014 0.0005 0.0001)
(0.014125 0.0005 0.0001)
(0.01425 0.0005 0.0001)
(0.014375 0.0005 0.0001)
(0.0145 0.0005 0.0001)
(0.014625 0.0005 0.0001)
(0.01475 0.0005 0.0001)
(0.014875 0.0005 0.0001)
(0.015 0.0005 0.0001)
)


// ************************************************************************* //
